1 565.0 575.0
2 25.0 185.0
3 345.0 750.0
4 945.0 685.0
5 845.0 655.0
6 880.0 660.0
7 25.0 230.0
8 525.0 1000.0
9 580.0 1175.0
10 650.0 1130.0
11 1605.0 620.0
12 1220.0 580.0
13 1465.0 200.0
14 1530.0 5.0
15 845.0 680.0
16 725.0 370.0
17 145.0 665.0
18 415.0 635.0
19 510.0 875.0
20 560.0 365.0
21 300.0 465.0
22 520.0 585.0
23 480.0 415.0
24 835.0 625.0
25 975.0 580.0
26 1215.0 245.0
27 1320.0 315.0
28 1250.0 400.0
29 660.0 180.0
30 410.0 250.0
31 420.0 555.0
32 575.0 665.0
33 1150.0 1160.0
34 700.0 580.0
35 685.0 595.0
36 685.0 610.0
37 770.0 610.0
38 795.0 645.0
39 720.0 635.0
40 760.0 650.0
41 475.0 960.0
42 95.0 260.0
43 875.0 920.0
44 700.0 500.0
45 555.0 815.0
46 830.0 485.0
47 1170.0 65.0
48 830.0 610.0
49 605.0 625.0
50 595.0 360.0
51 1340.0 725.0
52 1740.0 245.0
53 739.9 772.7
54 949.9 229.5
55 307.1 169.3
56 141.0 685.5
57 10.8 29.3
58 1942.2 687.6
59 117.3 487.2
60 1509.1 568.5
61 1126.3 482.2
62 1646.8 867.3
63 1844.5 519.1
64 1731.6 338.7
65 864.4 408.3
66 1783.1 716.4
67 215.6 781.7
68 997.9 97.2
69 1671.2 77.2
70 1317.3 226.3
71 12.4 537.5
72 776.5 10.7
73 802.1 819.0
74 1832.4 508.5
75 674.4 610.3
76 1214.6 490.2
77 443.9 124.8
78 477.5 749.9
79 632.1 557.9
80 63.7 1075.4
81 1192.6 1092.1
82 1159.7 991.8
83 710.8 43.2
84 1605.4 999.9
85 1608.6 1032.4
86 1879.7 21.1
87 1201.8 1090.9
88 44.9 382.9
89 735.4 356.4
90 1678.5 775.4
91 248.4 406.7
92 45.8 532.1
93 1094.0 826.1
94 281.6 1054.0
95 386.8 448.1
96 413.3 387.5
97 1249.4 533.3
98 1330.4 786.3
99 83.3 514.6
100 1085.3 306.1
101 1963.6 858.9
102 1219.8 279.2
103 1033.4 1141.6
104 1297.6 321.8
105 569.2 466.8
106 470.5 364.1
107 1260.3 512.3
108 1396.1 905.5
109 1547.2 69.2
110 1433.5 347.4
111 1949.5 890.9
112 1192.0 1141.4
113 412.2 686.3
114 653.8 478.5
115 1485.5 973.2
116 1929.1 758.2
117 977.6 911.1
118 763.4 984.9
119 1298.9 250.8
120 1136.9 933.7
121 1846.7 899.2
122 1802.5 151.1
123 1624.1 918.2
124 112.5 672.3
125 502.7 138.6
126 948.5 671.8
127 225.6 133.7
128 1783.6 695.0
129 1980.1 485.1
130 532.2 379.5
131 1059.5 371.6
132 759.8 837.7
133 219.6 1040.6
134 1849.6 565.3
135 1816.2 1015.2
136 1805.2 1123.0
137 1152.7 397.6
138 1369.2 2.8
139 219.0 848.4
140 104.6 106.4
141 1674.5 996.8
142 1923.1 363.6
143 1423.1 1014.4
144 1735.5 1037.3
145 405.5 904.7
146 891.7 731.3
147 1580.8 797.3
148 1712.8 566.6
149 1843.1 287.7
150 1608.8 1030.4
151 28.1 660.0
152 1320.2 1178.8
153 912.8 1092.3
154 278.1 178.1
155 1437.9 505.8
156 1053.2 1024.3
157 501.0 1125.9
158 303.8 336.0
159 200.6 366.4
160 1129.5 933.6
161 984.6 942.3
162 1967.0 854.3
163 1735.9 1026.4
164 1792.0 910.7
165 1071.7 322.4
166 1327.5 619.5
167 356.2 1025.0
168 1746.0 452.3
169 1079.7 1166.1
170 158.7 374.8
171 1656.3 820.5
172 1927.1 1018.8
173 873.4 576.0
174 1484.5 344.0
175 876.0 979.7
176 1726.9 1160.4
177 554.2 112.6
178 1848.4 804.0
179 324.7 831.2
180 360.0 604.9
181 185.7 360.3
182 1108.7 941.3
183 1149.4 1095.0
184 969.6 949.8
185 84.8 273.8
186 1295.9 441.3
187 851.0 1180.0
188 904.5 86.5
189 178.6 876.9
190 733.7 821.5
191 705.0 314.9
192 996.9 1037.8
193 1966.1 241.8
194 195.3 438.7
195 1561.5 178.5
196 705.7 544.2
197 1627.2 831.9
198 1987.3 545.1
199 636.2 1117.2
200 476.3 1142.1
201 1474.4 606.2
202 1015.6 580.4
203 1274.0 1016.8
204 807.8 975.1
205 482.5 257.3
206 844.6 472.3
207 1682.6 44.8
208 1461.8 880.0
209 1438.2 1003.9
210 354.0 579.0
211 765.3 263.0
212 164.2 312.4
213 1569.8 408.8
214 217.4 985.9
215 980.6 41.1
216 1230.9 466.9
217 92.4 804.2
218 1888.1 305.0
219 235.0 44.0
220 80.2 355.2
221 477.7 1021.9
222 780.3 541.5
223 1592.8 662.1
224 792.9 229.9
225 1495.3 65.8
226 152.3 702.5
227 1227.8 213.4
228 707.9 217.2
229 156.6 167.7
230 1358.6 489.1
231 1891.5 1105.3
232 1807.6 31.4
233 1666.8 318.1
234 457.2 790.6
235 53.1 313.3
236 523.3 171.1
237 1020.2 926.5
238 913.4 819.9
239 1326.0 986.3
240 270.8 788.3
241 1559.1 165.9
242 1142.2 922.8
243 834.8 397.4
244 504.7 381.9
245 1618.9 46.7
246 805.9 84.8
247 29.8 221.0
248 217.6 286.3
249 1709.0 497.8
250 1643.8 988.5
251 773.6 638.1
252 1249.4 812.7
253 625.2 640.9
254 1554.0 619.0
255 375.0 1135.9
256 1124.8 276.3
257 363.9 775.6
258 837.5 525.1
259 1890.3 828.4
260 480.3 697.3
261 396.3 370.9
262 1085.4 1154.3
263 1855.0 133.0
264 1609.3 711.9
265 1882.3 1117.2
266 1178.7 707.9
267 1849.9 529.8
268 1202.1 1197.1
269 1811.2 754.0
270 786.0 384.4
271 870.5 234.8
272 540.3 435.1
273 1134.4 182.1
274 1769.8 1190.6
275 214.9 173.6
276 1189.1 415.1
277 1856.6 411.8
278 1373.6 440.6
279 976.8 870.0
280 865.5 926.4
281 196.2 1068.9
282 1738.0 714.8
283 903.4 126.5
284 1139.0 863.6
285 1143.1 244.1
286 164.3 676.7
287 520.5 562.3
288 1911.2 854.1
289 1224.4 760.1
290 494.0 445.1
291 834.4 759.4
292 1506.3 503.1
293 1903.2 1180.0
294 1158.8 986.2
295 1962.2 267.1
296 1880.3 173.1
297 1382.9 182.3
298 1219.1 399.0
299 1562.1 251.4
300 1165.3 499.6
301 886.7 893.3
302 266.2 896.4
303 1860.2 12.5
304 237.9 677.0
305 723.2 461.1
306 640.9 147.0
307 511.2 992.1
308 1266.8 418.2
309 856.1 1047.3
310 887.3 1130.5
311 1252.1 768.6
312 1158.6 900.1
313 131.8 57.8
314 631.1 1.9
315 1280.5 772.1
316 765.1 712.9
317 997.4 1053.6
318 1152.1 536.9
319 1293.7 993.0
320 1244.0 319.2
321 1048.4 342.5
322 448.8 533.0
323 1866.3 1074.8
324 231.4 855.8
325 84.0 778.4
326 1221.2 844.9
327 159.6 738.7
328 1062.7 962.6
329 1464.7 37.1
330 62.3 271.5
331 1528.1 221.5
332 1908.9 1164.9
333 1753.8 1066.4
334 1465.6 1027.1
335 979.5 1025.7
336 1908.3 9.3
337 669.7 35.8
338 434.4 410.4
339 1447.1 654.8
340 871.3 263.9
341 1981.2 953.0
342 528.6 823.0
343 469.0 82.7
344 1743.6 61.4
345 1023.2 1154.4
346 400.0 874.4
347 269.5 101.1
348 973.9 510.0
349 1273.6 584.2
350 1603.5 268.3
351 226.6 392.5
352 1516.7 849.3
353 284.7 190.0
354 1754.9 743.5
355 230.3 322.3
356 494.1 136.4
357 80.5 678.4
358 1625.7 872.9
359 617.9 548.8
360 1005.7 18.4
361 271.4 616.9
362 1998.9 89.3
363 1018.3 183.9
364 600.0 799.1
365 626.2 1171.1
366 774.1 539.0
367 1095.9 277.1
368 1767.7 25.5
369 766.4 296.0
370 948.9 809.7
371 494.7 975.3
372 1741.3 778.5
373 487.0 632.3
374 1971.1 332.4
375 1082.6 169.8
376 686.4 424.9
377 1047.2 472.8
378 1717.8 612.0
379 522.3 426.6
380 1910.3 612.1
381 9.1 832.4
382 1674.9 938.9
383 603.2 813.7
384 525.7 671.3
385 1497.8 385.4
386 1457.3 236.1
387 1755.4 995.6
388 1064.6 133.3
389 864.9 440.2
390 1686.6 291.9
391 1135.7 117.1
392 195.6 425.5
393 793.9 746.1
394 1724.3 429.3
395 1240.9 63.8
396 1485.2 1191.7
397 832.7 15.8
398 711.8 437.4
399 766.9 492.0
400 1842.0 598.0
401 1720.8 169.5
402 103.4 1108.0
403 719.3 263.4
404 1398.1 640.1
405 328.0 121.9
406 1796.5 1000.3
407 1665.4 772.5
408 1234.3 1018.0
409 1329.3 748.3
410 1311.3 282.9
411 935.2 27.8
412 20.8 754.8
413 1092.2 375.2
414 1871.1 1186.6
415 1109.8 490.9
416 831.8 979.3
417 1794.8 782.1
418 886.8 795.4
419 490.9 1045.5
420 1092.8 385.1
421 1552.8 132.6
422 1125.4 145.4
423 1267.0 922.8
424 552.7 500.0
425 1821.6 949.7
426 1230.6 449.4
427 977.4 970.5
428 402.1 1096.4
429 1704.4 873.1
430 184.7 1006.3
431 737.4 1083.8
432 1158.3 901.8
433 304.0 31.9
434 1978.2 806.3
435 697.3 348.4
436 540.9 235.5
437 955.1 405.8
438 1432.3 1104.6
439 234.0 774.1
440 1535.8 902.1
441 250.7 1091.7
442 1235.0 594.0
443 413.3 811.9
444 1787.2 195.7
445 1956.1 1167.6
446 1932.8 1077.0
447 1960.2 1195.6
448 1337.9 520.6
449 575.1 61.5
450 1715.1 424.4
451 1954.4 1193.2
452 1019.6 734.0
453 377.5 113.0
454 651.2 76.6
455 1951.4 1018.7
456 330.9 412.9
457 1276.7 603.0
458 1347.4 261.0
459 1760.5 239.1
460 881.3 951.2
461 994.8 129.8
462 1021.2 327.8
463 1699.7 158.2
464 718.8 618.3
465 1360.0 51.0
466 367.4 205.1
467 1870.0 1025.3
468 1010.8 584.0
469 1727.8 954.7
470 1679.2 1173.2
471 58.4 332.1
472 1761.9 868.6
473 1199.5 39.7
474 1710.1 813.5
475 1672.6 885.0
476 1237.8 86.0
477 1216.2 808.6
478 539.5 249.3
479 1219.3 400.0
480 1029.5 967.0
481 7.4 372.5
482 889.9 925.1
483 242.9 630.3
484 1668.5 1019.1
485 786.1 876.3
486 389.4 833.1
487 374.8 1036.6
488 467.2 30.6
489 1661.8 1193.0
490 851.3 966.8
491 1818.1 1092.6
492 1890.0 725.6
493 1671.6 848.6
494 1656.9 1103.1
495 393.0 564.4
496 591.3 33.5
497 531.0 1194.9
498 1035.6 1028.4
499 610.1 825.7
500 1027.1 307.6
501 283.9 405.9
502 1564.8 88.0
503 740.3 616.2
504 939.7 325.0
505 367.5 23.4
506 1305.6 597.3
507 1099.6 1065.9
508 1693.8 373.6
509 282.0 1036.2
510 1948.5 932.5
511 636.0 331.5
512 1725.5 44.7
513 336.8 528.4
514 283.2 1035.7
515 1848.4 625.6
516 1998.0 940.6
517 1052.4 895.9
518 765.1 1143.4
519 300.5 503.6
520 1378.7 1026.7
521 1019.7 240.6
522 640.8 454.1
523 1852.2 574.3
524 169.4 457.0
525 1567.8 263.6
526 1681.7 55.6
527 1570.1 496.4
528 488.8 254.1
529 1206.4 732.5
530 707.8 75.4
531 1291.9 804.3
532 1616.2 86.1
533 987.5 1032.7
534 376.6 1014.6
535 819.3 395.8
536 472.6 1037.4
537 259.5 1024.3
538 1354.5 727.2
539 1143.2 374.6
540 427.6 762.9
541 666.0 64.2
542 131.3 92.7
543 296.3 31.5
544 1096.2 269.7
545 1289.0 961.7
546 280.9 304.3
547 654.1 1168.9
548 683.7 1070.5
549 1989.2 230.5
550 1014.1 718.4
551 1680.6 600.8
552 1420.4 944.8
553 162.9 446.1
554 1480.9 97.5
555 1076.5 627.8
556 1795.9 128.3
557 29.5 1129.4
558 1838.2 681.7
559 150.3 320.6
560 1283.7 419.7
561 393.6 495.9
562 778.0 1007.1
563 1154.2 147.1
564 1547.1 1025.0
565 186.1 341.9
566 1509.8 251.6
567 31.8 555.4
568 774.5 1001.6
569 726.7 278.9
570 1789.6 1177.2
571 791.6 545.3
572 245.4 607.9
573 1708.2 1073.5
574 1281.3 102.9
575 1939.5 378.3
576 443.3 789.0
577 1761.1 314.4
578 1989.8 784.3
579 1241.0 776.2
580 1063.0 551.9
581 1814.6 707.5
582 920.4 1143.2
583 1538.1 351.5
584 803.5 585.4
585 56.7 1123.5
586 1775.7 626.9
587 1367.6 1108.8
588 1752.9 833.9
589 1363.7 1017.3
590 1629.5 76.3
591 1186.4 473.9
592 1376.6 215.4
593 1936.8 50.1
594 1515.4 615.5
595 1905.5 548.1
596 1902.6 700.8
597 1956.0 1039.2
598 470.8 557.6
599 1018.3 321.2
600 1050.2 975.7
601 251.2 101.6
602 1120.9 250.8
603 1917.8 375.2
604 459.7 1188.3
605 455.5 903.2
606 381.7 209.1
607 1977.6 286.9
608 512.6 1085.1
609 206.7 83.7
610 987.0 190.7
611 1721.2 281.7
612 1974.2 133.2
613 346.0 135.3
614 262.9 1150.3
615 24.1 1091.7
616 1329.9 332.6
617 1683.9 384.3
618 320.8 331.4
619 1414.8 367.2
620 356.6 143.2
621 111.2 1114.3
622 1679.6 834.6
623 1340.4 632.7
624 1390.1 1046.2
625 439.8 916.0
626 628.7 4.0
627 1732.2 411.4
628 1677.0 847.6
629 1853.1 663.3
630 853.2 809.7
631 406.4 1016.5
632 1466.4 433.8
633 941.2 894.1
634 1451.0 710.5
635 1321.2 626.1
636 1265.3 1164.1
637 78.0 124.8
638 1975.4 866.7
639 807.1 2.4
640 841.4 572.7
641 1468.8 104.4
642 1894.8 1059.3
643 889.0 788.9
644 1342.8 395.0
645 788.0 391.5
646 1314.8 811.9
647 506.8 687.5
648 744.0 416.3
649 1212.4 501.6
650 1350.9 1053.2
651 1177.5 1122.4
652 919.3 868.8
653 1575.5 637.6
654 828.5 576.1
655 966.4 362.6
656 1186.9 287.0
657 741.9 798.7
658 1261.8 27.8
659 1216.2 140.0
660 1190.7 1088.6
661 1052.4 559.1
662 1985.3 38.7
663 1951.7 580.5
664 482.4 789.6
665 424.5 283.1
666 1404.8 1034.4
667 1744.4 19.6
668 116.1 779.8
669 587.6 6.0
670 1593.3 4.1
671 205.6 1118.7
672 1751.6 319.0
673 241.8 1107.4
674 1757.5 720.1
675 1554.7 686.0
676 1397.6 345.2
677 253.2 362.2
678 584.7 350.5
679 1894.1 348.9
680 343.7 1182.9
681 1174.1 784.3
682 444.4 600.6
683 1139.2 847.6
684 1577.1 891.2
685 569.6 501.9
686 1655.6 94.6
687 1316.7 1093.3
688 1057.5 625.1
689 6.1 658.9
690 1714.4 536.3
691 1476.6 51.0
692 1488.4 536.3
693 632.2 50.4
694 297.6 204.2
695 1978.2 903.6
696 1716.8 106.5
697 844.6 728.2
698 503.2 133.2
699 237.5 824.4
700 52.6 292.3
701 1373.5 698.9
702 1952.5 972.3
703 181.6 414.5
704 237.1 548.5
705 1275.2 7.6
706 558.0 298.8
707 441.4 1170.0
708 724.7 436.1
709 428.0 809.8
710 1043.0 1154.7
711 1009.4 632.9
712 505.3 945.3
713 516.1 842.7
714 1483.9 1001.0
715 731.8 649.3
716 1518.6 323.1
717 1203.8 813.5
718 1442.8 950.4
719 822.4 176.7
720 160.3 59.7
721 1695.9 358.4
722 1487.0 1166.2
723 309.1 892.7
724 1389.0 146.9
725 1981.0 146.7
726 642.1 575.0
727 140.2 966.9
728 478.2 486.5
729 383.1 819.9
730 595.6 799.3
731 963.9 626.7
732 604.9 800.1
733 947.8 518.6
734 962.1 153.4
735 1436.7 975.6
736 1995.4 1005.4
737 1119.5 604.3
738 1492.1 279.3
739 1325.2 117.1
740 764.1 168.2
741 214.0 125.8
742 1349.9 1093.2
743 918.5 1019.5
744 1780.7 1182.6
745 1714.8 659.4
746 151.8 500.4
747 507.1 1159.2
748 344.6 1002.3
749 1523.7 1082.3
750 692.5 582.4
751 890.3 233.9
752 1630.5 568.6
753 1317.4 1103.2
754 308.9 734.1
755 1129.6 557.1
756 1941.9 700.6
757 1734.3 928.7
758 1916.8 864.0
759 972.9 585.7
760 1478.9 101.2
761 611.2 354.4
762 336.3 1144.0
763 822.0 163.8
764 456.7 1016.4
765 1744.7 564.6
766 97.5 1014.1
767 177.3 71.3
768 1102.0 1090.0
769 120.8 962.8
770 527.0 446.5
771 154.4 540.0
772 639.8 1145.8
773 243.8 29.2
774 1885.8 286.1
775 1229.7 650.7
776 1435.8 691.3
777 488.8 346.5
778 424.8 386.3
779 1086.2 565.7
780 42.4 341.7
781 1878.1 16.6
782 279.3 1072.5
783 1268.7 203.2
784 643.1 748.2
785 501.5 1057.4
786 807.6 518.5
787 56.2 879.1
788 1848.4 1093.1
789 1257.2 722.2
790 613.3 182.9
791 1392.4 810.9
792 159.1 982.9
793 94.8 739.0
794 1420.0 877.1
795 537.8 701.2
796 287.3 444.7
797 1948.0 1003.1
798 584.1 614.7
799 726.4 1098.3
800 799.7 508.7
801 1107.6 689.8
802 1617.5 491.9
803 1366.6 603.5
804 603.3 1073.8
805 1860.2 246.0
806 1058.3 508.7
807 888.1 749.0
808 51.6 226.9
809 1234.8 1024.8
810 1789.8 1159.8
811 150.2 781.3
812 41.8 399.2
813 600.1 365.2
814 468.5 307.6
815 1157.8 382.9
816 1072.5 624.9
817 1558.3 1044.8
818 1865.6 924.4
819 567.9 367.2
820 1746.7 270.8
821 1949.1 381.7
822 1363.4 557.3
823 1179.8 126.3
824 1971.0 459.5
825 77.3 50.0
826 878.9 261.9
827 287.4 112.9
828 852.5 526.6
829 481.0 997.0
830 1979.9 918.5
831 1254.3 643.8
832 608.7 1101.2
833 942.3 1074.7
834 679.5 583.9
835 680.5 144.1
836 1366.9 1084.4
837 603.9 878.8
838 1764.1 802.6
839 1700.1 511.6
840 472.2 634.5
841 367.5 1112.1
842 1542.3 572.1
843 1236.3 1064.1
844 1286.9 35.3
845 1673.6 78.6
846 1028.0 562.8
847 1484.7 164.8
848 1949.3 1054.0
849 1622.4 1008.7
850 1827.5 628.6
851 117.8 143.0
852 406.1 51.3
853 668.3 930.0
854 179.9 644.8
855 1950.0 18.0
856 1505.4 345.4
857 1915.5 115.1
858 1032.0 456.1
859 523.5 602.4
860 691.7 13.2
861 762.6 108.6
862 416.8 87.9
863 525.8 290.0
864 495.9 240.0
865 570.3 875.2
866 160.9 286.5
867 1084.5 674.5
868 797.9 364.0
869 1270.9 957.7
870 862.8 486.5
871 1048.6 115.1
872 618.2 1004.3
873 601.8 128.1
874 763.4 164.3
875 1073.2 257.0
876 1213.5 716.3
877 1953.6 34.8
878 182.2 567.0
879 1960.3 12.9
880 494.7 1038.4
881 1344.2 857.4
882 1263.0 606.9
883 948.2 1196.8
884 1586.4 1144.0
885 1579.0 1041.3
886 1081.7 496.4
887 142.6 602.1
888 227.4 429.5
889 1589.7 1192.7
890 1575.2 421.2
891 1754.0 4.7
892 105.0 709.8
893 1879.0 376.6
894 863.1 981.7
895 1000.4 932.0
896 143.4 1030.0
897 9.4 1099.2
898 275.8 1050.0
899 461.7 956.7
900 964.0 1053.1
901 1826.6 201.4
902 1796.3 6.6
903 243.3 360.5
904 1723.7 374.3
905 326.8 640.7
906 1365.4 1162.1
907 51.1 841.2
908 899.8 831.1
909 1314.9 881.3
910 1747.2 600.2
911 1031.1 955.4
912 1539.3 237.9
913 378.9 981.3
914 1786.5 881.6
915 1439.0 306.1
916 334.9 430.6
917 697.4 804.6
918 1577.0 298.9
919 831.8 1022.5
920 1383.0 1056.7
921 1170.7 361.5
922 106.5 894.2
923 1047.4 167.6
924 164.2 908.4
925 720.7 762.9
926 818.7 1056.5
927 237.1 92.0
928 1097.7 1108.2
929 580.6 708.6
930 135.0 886.4
931 1757.6 185.8
932 1680.2 1080.1
933 1982.7 461.8
934 597.5 102.4
935 1255.9 644.4
936 1850.4 1134.7
937 444.3 599.5
938 1992.0 300.4
939 1446.5 592.0
940 353.0 916.3
941 273.8 71.1
942 615.0 637.3
943 1809.4 584.5
944 657.2 1072.2
945 1591.0 635.3
946 1433.2 235.3
947 529.5 327.1
948 1208.8 925.1
949 545.1 967.6
950 76.9 390.5
951 276.7 765.0
952 196.4 322.0
953 132.5 198.9
954 823.9 300.7
955 1000.9 428.9
956 1751.6 211.8
957 479.2 1055.4
958 1852.6 942.9
959 1738.2 1023.7
960 853.8 811.2
961 1098.9 973.8
962 346.5 961.0
963 348.1 453.1
964 642.6 1184.7
965 1693.4 83.4
966 1607.6 575.6
967 1328.9 108.5
968 127.7 699.7
969 1247.8 774.8
970 1314.2 879.9
971 236.4 668.2
972 983.4 240.8
973 956.1 488.7
974 1373.4 797.8
975 562.3 1082.9
976 468.2 680.3
977 1706.4 429.5
978 488.4 1111.3
979 1268.6 276.7
980 97.4 291.1
981 892.3 831.6
982 1105.7 396.3
983 577.1 191.5
984 1856.3 1009.3
985 848.8 75.6
986 1669.3 53.5
987 545.2 789.7
988 1342.6 1193.2
989 1825.5 467.1
990 1296.2 263.0
991 1050.2 907.9
992 360.8 885.0
993 110.2 86.5
994 1783.0 396.0
995 721.8 935.2
996 822.8 468.2
997 1444.9 1019.7
998 1303.0 853.7
999 629.2 897.4
1000 864.4 377.8
1001 626.7 1136.3
1002 337.4 1036.1
1003 1735.6 546.4
1004 168.6 176.5
1005 1932.3 64.8
1006 1600.8 661.2
1007 1922.8 201.3
1008 1048.1 761.6
1009 252.8 716.8
1010 1700.8 683.0
1011 636.6 286.5
1012 1535.7 120.2
1013 861.9 114.7
1014 691.3 934.5
1015 1799.9 434.0
1016 1264.2 644.9
1017 1353.8 517.4
1018 807.4 919.2
1019 1148.8 961.0
1020 898.6 102.4
1021 839.4 393.4
1022 1125.8 664.1
1023 762.4 585.5
1024 1955.9 937.7
1025 909.4 1197.8
1026 1579.4 92.4
1027 1774.3 788.5
1028 54.2 995.0
1029 31.2 155.8
1030 1425.2 597.6
1031 1534.6 1119.6
1032 163.6 1140.9
1033 971.0 1010.6
1034 1260.6 1185.2
1035 202.3 333.7
1036 399.1 417.0
1037 307.8 1092.1
1038 618.5 252.0
1039 1176.0 970.8
1040 1442.8 540.8
1041 971.2 641.6
1042 124.8 853.6
1043 1835.6 379.3
1044 1208.2 879.4
1045 1111.7 836.4
1046 1897.4 246.9
1047 1939.2 1045.0
1048 123.2 1149.2
1049 1898.5 103.6
1050 1876.0 592.5
1051 1796.6 440.2
1052 1007.0 801.7
1053 1823.4 704.4
1054 93.3 996.6
1055 1889.2 312.8
1056 348.5 236.6
1057 1217.7 1087.4
1058 50.2 550.1
1059 1980.8 1116.0
1060 815.7 254.0
1061 1148.0 885.4
1062 1564.3 1007.0
1063 509.9 1070.2
1064 1661.1 539.6
1065 1088.5 944.5
1066 350.7 909.2
1067 164.2 484.6
1068 1489.2 328.0
1069 914.6 244.5
1070 677.1 261.3
1071 1216.2 324.8
1072 1292.8 121.6
1073 1850.8 278.2
1074 1611.9 346.8
1075 1731.6 97.1
1076 1937.7 414.4
1077 1974.0 464.7
1078 709.9 799.4
1079 1503.1 297.1
1080 740.9 757.1
1081 1494.8 427.4
1082 1678.8 700.3
1083 875.5 788.0
1084 1096.1 1064.0
1085 824.5 276.3
1086 948.3 1090.1
1087 1016.0 842.7
1088 1420.2 665.4
1089 1054.7 589.8
1090 1324.4 631.6
1091 743.0 669.9
1092 246.8 514.7
1093 1142.5 822.8
1094 1768.4 682.1
1095 909.8 625.5
1096 650.4 600.3
1097 918.9 839.5
1098 461.4 352.9
1099 1496.0 541.3
1100 1056.9 73.5
1101 1689.4 842.2
1102 1564.3 1147.3
1103 1248.3 990.2
1104 1401.4 1051.4
1105 20.6 640.3
1106 1564.1 958.5
1107 442.6 782.3
1108 1460.3 576.4
1109 1642.1 206.2
1110 1015.8 665.6
1111 1040.3 37.4
1112 1892.0 991.0
1113 1906.6 537.0
1114 1428.8 194.3
1115 1644.9 826.0
1116 1721.4 167.3
1117 1260.0 89.5
1118 1735.8 107.9
1119 1857.0 1196.0
1120 1634.9 951.6
1121 1567.2 1058.7
1122 742.9 472.8
1123 511.7 901.4
1124 285.7 699.5
1125 449.0 906.0
1126 1515.2 475.9
1127 599.6 71.2
1128 1274.1 327.0
1129 1125.5 627.2
1130 1954.9 1134.9
1131 303.7 686.0
1132 1199.1 922.6
1133 1568.7 159.1
1134 1172.0 488.0
1135 419.3 834.0
1136 813.0 1043.1
1137 1645.4 123.6
1138 1635.0 61.2
1139 1968.9 748.2
1140 1500.5 526.8
1141 1663.4 370.9
1142 1199.0 625.2
1143 755.8 450.0
1144 895.2 253.0
1145 160.7 35.5
1146 1981.7 550.1
1147 529.1 163.2
1148 591.0 460.9
1149 315.6 479.5
1150 1772.3 319.3
1151 874.4 1175.9
1152 967.3 175.0
1153 1936.2 1174.5
1154 854.4 653.8
1155 514.7 848.3
1156 619.3 316.0
1157 1262.0 234.1
1158 546.8 253.4
1159 868.6 921.9
1160 1229.9 674.8
1161 1923.6 1095.0
1162 416.4 680.5
1163 1937.6 667.5
1164 744.5 697.6
1165 1505.8 858.1
1166 175.6 406.2
1167 479.3 687.5
1168 627.5 468.4
1169 486.5 167.2
1170 538.2 123.9
1171 630.8 656.7
1172 1142.4 957.7
1173 616.1 21.9
1174 911.4 861.1
1175 731.6 560.5
1176 287.4 170.0
1177 212.9 341.3
1178 1787.2 432.8
1179 1292.4 321.4
1180 1353.8 966.4
1181 730.6 1101.3
1182 411.3 145.3
1183 1690.3 1109.7
1184 204.4 957.1
1185 399.7 83.9
1186 198.5 969.2
1187 1438.6 84.0
1188 37.3 1160.3
1189 1612.3 452.7
1190 104.2 917.1
1191 1970.5 987.2
1192 384.3 988.2
1193 1112.2 229.5
1194 356.4 630.8
1195 965.8 622.9
1196 1966.8 1119.8
1197 1636.2 1048.5
1198 824.7 1049.6
1199 335.6 345.2
1200 556.4 238.6
1201 315.8 153.1
1202 582.7 1052.8
1203 1532.7 910.9
1204 1164.7 729.0
1205 1618.2 691.2
1206 1787.9 1106.5
1207 1777.1 876.1
1208 290.2 390.1
1209 1114.1 416.1
1210 1514.6 990.3
1211 1266.4 565.7
1212 33.2 132.5
1213 632.2 13.5
1214 937.8 1017.6
1215 264.1 154.4
1216 1666.3 217.8
1217 1299.2 228.9
1218 1863.5 1110.8
1219 395.5 857.1
1220 661.0 1072.4
1221 1597.7 688.9
1222 436.0 371.2
1223 712.8 398.0
1224 1005.5 473.2
1225 1365.5 1180.9
1226 731.8 719.7
1227 248.3 653.4
1228 443.0 717.6
1229 665.3 312.0
1230 521.2 864.5
1231 558.2 335.8
1232 1018.3 719.4
1233 80.3 1040.5
1234 1033.4 669.6
1235 836.6 1057.9
1236 427.6 174.8
1237 187.3 89.1
1238 1625.0 197.5
1239 1829.0 479.7
1240 579.4 997.3
1241 829.0 279.7
1242 120.5 532.4
1243 183.3 849.2
1244 1752.0 1162.9
1245 750.1 839.1
1246 1717.3 795.6
1247 1816.5 627.3
1248 853.9 1183.2
1249 1439.0 1136.7
1250 417.7 706.2
1251 1135.9 1180.2
1252 919.7 1020.7
1253 1025.8 751.8
1254 9.9 449.0
1255 1764.9 814.3
1256 27.3 805.3
1257 183.7 1008.0
1258 1856.9 1136.0
1259 858.6 1050.4
1260 1898.2 1070.9
1261 1063.4 1159.3
1262 1603.7 921.1
1263 1483.5 1040.8
1264 1447.8 176.2
1265 759.7 478.6
1266 211.4 426.2
1267 1850.9 877.2
1268 1439.9 1111.5
1269 170.2 599.3
1270 407.4 827.4
1271 1812.6 614.2
1272 1425.3 375.4
1273 1841.4 300.8
1274 1236.9 1073.0
1275 1636.5 1185.7
1276 239.6 84.3
1277 1951.5 873.7
1278 531.7 87.5
1279 381.3 821.1
1280 181.0 623.1
1281 878.7 582.2
1282 237.5 977.7
1283 1099.6 126.6
1284 638.6 666.8
1285 1969.7 1031.8
1286 775.2 1125.7
1287 1594.2 442.5
1288 1503.9 36.8
1289 1156.2 805.8
1290 1426.5 435.8
1291 117.2 288.8
1292 1687.3 697.1
1293 172.8 1067.5
1294 147.3 154.0
1295 1075.9 1007.5
1296 1363.5 498.2
1297 1707.9 525.5
1298 155.1 494.5
1299 852.9 1132.1
1300 423.9 1118.5
1301 1239.6 469.7
1302 1121.6 315.7
1303 620.1 763.9
1304 299.6 1013.0
1305 1894.1 849.8
1306 1377.7 871.6
1307 1918.7 378.4
1308 1233.1 50.5
1309 44.4 304.4
1310 1617.7 114.0
1311 1193.8 1092.3
1312 1240.6 988.8
1313 759.8 451.2
1314 414.2 660.5
1315 1603.7 297.4
1316 1051.9 452.9
1317 1418.0 2.6
1318 722.7 160.1
1319 366.0 983.2
1320 1068.1 734.5
1321 1424.7 762.6
1322 1314.9 571.2
1323 1927.9 1177.2
1324 1125.1 220.8
1325 734.8 593.4
1326 1885.7 218.2
1327 437.4 775.4
1328 211.9 337.7
1329 546.6 1158.9
1330 595.4 535.8
1331 1805.6 623.1
1332 419.2 1038.9
1333 408.1 282.0
1334 829.7 621.8
1335 1358.2 891.3
1336 1121.0 1155.9
1337 269.1 25.8
1338 933.3 334.7
1339 98.4 880.2
1340 1455.4 1117.0
1341 350.3 35.0
1342 412.7 623.5
1343 629.6 1013.3
1344 620.0 296.4
1345 40.3 16.0
1346 1400.0 566.7
1347 1779.5 1159.3
1348 1736.0 1154.1
1349 1079.2 730.3
1350 1345.8 978.2
1351 1360.1 797.5
1352 1003.8 179.8
1353 948.7 1126.7
1354 1628.8 1080.9
1355 143.3 800.5
1356 1019.8 1146.4
1357 859.6 90.7
1358 768.3 82.0
1359 266.7 806.4
1360 1020.1 61.3
1361 1444.8 458.9
1362 383.2 118.9
1363 1973.6 517.0
1364 40.6 724.4
1365 1786.8 38.1
1366 743.1 681.2
1367 180.8 942.9
1368 1284.3 706.7
1369 973.8 265.4
1370 552.9 364.7
1371 1090.9 342.3
1372 221.6 1162.7
1373 1677.1 319.9
1374 1202.2 845.7
1375 1308.1 720.4
1376 1951.5 991.4
1377 53.6 560.0
1378 857.8 147.7
1379 928.8 817.1
1380 1145.0 1192.7
1381 790.4 162.1
1382 1894.6 993.3
1383 963.5 740.6
1384 1157.3 858.5
1385 1394.2 1126.5
1386 63.0 1080.7
1387 404.3 95.3
1388 103.4 187.0
1389 1401.0 995.3
1390 1326.1 720.9
1391 70.0 261.9
1392 1487.6 102.4
1393 1483.6 172.4
1394 1665.3 714.2
1395 1374.4 280.3
1396 1396.9 1008.4
1397 1655.7 755.9
1398 1593.8 159.7
1399 1569.8 1173.5
1400 1372.8 801.2
1401 1762.0 1013.5
1402 1029.0 340.6
1403 1616.4 310.9
1404 706.3 449.3
1405 667.9 101.0
1406 1502.9 1084.8
1407 1373.1 198.1
1408 1933.5 830.1
1409 355.1 343.7
1410 1051.5 366.4
1411 1864.0 897.2
1412 808.0 1162.5
1413 1868.4 231.0
1414 933.2 527.9
1415 1803.5 1102.0
1416 1483.3 100.7
1417 1433.5 122.1
1418 525.6 513.6
1419 1778.2 157.3
1420 1763.6 1126.7
1421 460.7 107.4
1422 134.3 1078.3
1423 1174.8 513.4
1424 1774.8 631.5
1425 349.3 210.3
1426 388.2 1046.9
1427 1759.6 152.4
1428 1647.9 705.0
1429 933.6 782.9
1430 1708.5 144.1
1431 58.6 782.0
1432 796.2 824.9
1433 850.1 573.4
1434 47.4 36.3
1435 1198.2 650.9
1436 316.4 866.2
1437 445.7 863.5
1438 1212.1 686.0
1439 1650.8 1143.9
1440 1178.7 629.1
1441 241.0 532.0
1442 254.2 466.7
1443 1933.5 1198.8
1444 987.9 938.8
1445 747.5 854.5
1446 1526.4 600.2
1447 393.0 621.1
1448 186.5 114.1
1449 998.2 462.4
1450 599.8 870.7
1451 1922.8 529.6
1452 1000.7 111.9
1453 1472.0 608.2
1454 1492.5 912.2
1455 1997.5 78.8
1456 254.8 1064.0
1457 1031.8 644.7
1458 1544.7 263.0
1459 1924.5 677.7
1460 1939.1 536.5
1461 946.0 294.3
1462 441.7 242.7
1463 834.6 1096.6
1464 801.2 560.6
1465 16.0 857.9
1466 738.5 966.4
1467 1277.4 1131.4
1468 462.9 407.5
1469 1465.7 919.4
1470 1297.9 17.8
1471 187.6 368.8
1472 1078.4 415.5
1473 1927.1 629.9
1474 1664.4 472.5
1475 969.6 1083.0
1476 749.6 422.7
1477 1268.9 875.4
1478 671.6 643.1
1479 291.0 491.4
1480 1997.1 539.0
1481 1561.6 507.3
1482 233.1 405.3
1483 39.8 770.0
1484 1833.3 369.2
1485 1664.9 1176.1
1486 1265.7 290.5
1487 1246.9 46.1
1488 256.8 695.0
1489 814.7 381.0
1490 149.4 898.0
1491 1657.9 1094.5
1492 384.6 766.0
1493 1105.5 345.6
1494 1512.8 1106.7
1495 887.1 648.0
1496 1424.2 87.7
1497 969.8 925.9
1498 1216.7 1159.8
1499 1276.0 515.8
1500 858.6 748.2
1501 1744.9 50.8
1502 1100.6 1104.9
1503 531.0 261.6
1504 294.8 356.6
1505 63.5 1079.6
1506 1414.7 725.3
1507 1150.5 940.7
1508 620.4 230.1
1509 1061.3 156.4
1510 1216.3 374.5
1511 1602.4 925.0
1512 1251.1 964.9
1513 1610.8 1014.8
1514 1981.2 841.5
1515 1729.1 900.4
1516 816.8 1090.0
1517 1898.3 1178.3
1518 753.4 525.8
1519 891.4 549.8
1520 499.8 1162.5
1521 1055.4 137.9
1522 966.8 1028.5
1523 1998.4 987.2
1524 342.9 801.3
1525 1060.2 537.2
1526 1992.3 140.0
1527 1770.1 117.9
1528 1820.2 438.0
1529 671.8 170.8
1530 595.3 468.4
1531 1454.6 926.1
1532 1648.1 651.1
1533 883.0 753.6
1534 1349.8 471.3
1535 119.8 11.5
1536 7.6 857.7
1537 85.6 642.5
1538 1027.2 201.3
1539 141.7 706.9
1540 340.5 636.7
1541 792.1 248.5
1542 869.4 329.4
1543 674.0 971.7
1544 297.2 268.9
1545 755.8 309.5
1546 305.8 416.8
1547 872.3 667.4
1548 1850.4 290.5
1549 1561.9 179.0
1550 1363.1 310.6
1551 1427.7 72.8
1552 1635.4 71.2
1553 328.4 539.0
1554 1819.1 708.6
1555 703.0 8.5
1556 1894.1 398.7
1557 358.7 942.1
1558 240.9 1102.5
1559 1426.9 829.3
1560 1083.0 149.0
1561 1056.6 315.6
1562 12.7 1040.9
1563 555.2 718.7
1564 931.0 801.0
1565 781.5 458.0
1566 510.0 1001.6
1567 1699.0 1151.7
1568 981.0 25.7
1569 1666.4 446.5
1570 1151.7 1101.4
1571 1850.3 171.2
1572 649.3 697.6
1573 370.7 244.0
1574 564.8 854.2
1575 1673.5 134.6
1576 1028.1 721.4
1577 1381.6 777.6
1578 271.3 6.9
1579 1982.6 1125.0
1580 663.2 189.8
1581 519.0 474.8
1582 1407.9 571.5
1583 1321.0 1110.5
1584 836.6 673.1
1585 1882.4 298.9
1586 355.4 754.8
1587 1896.3 663.1
1588 1547.0 488.8
1589 172.5 686.8
1590 62.5 379.6
1591 267.8 37.4
1592 623.7 1090.8
1593 437.9 489.8
1594 137.5 721.2
1595 576.7 1149.3
1596 1515.3 893.4
1597 751.1 1017.0
1598 1226.5 892.6
1599 233.6 961.3
1600 1670.9 298.0
1601 1138.3 996.1
1602 1445.2 1167.2
1603 1057.4 495.2
1604 118.7 161.5
1605 996.2 897.2
1606 565.6 120.9
1607 1784.3 994.8
1608 958.3 779.9
1609 1579.5 148.6
1610 1625.1 132.1
1611 882.5 703.6
1612 70.4 43.6
1613 751.1 975.5
1614 893.8 468.3
1615 1211.4 924.4
1616 1122.7 440.5
1617 1712.8 348.6
1618 1628.9 322.9
1619 1316.2 358.7
1620 404.6 735.2
1621 387.6 251.4
1622 102.0 111.7
1623 457.9 1010.7
1624 1101.0 1144.7
1625 302.9 1164.4
1626 1051.0 460.5
1627 905.0 408.1
1628 1263.3 645.4
1629 1472.2 1044.8
1630 1190.1 234.6
1631 239.0 1057.0
1632 1678.9 590.4
1633 413.8 887.9
1634 810.7 601.3
1635 472.3 289.5
1636 68.2 292.7
1637 1962.8 700.8
1638 80.5 1058.3
1639 234.9 1050.4
1640 168.4 566.3
1641 263.8 1042.4
1642 561.3 182.9
1643 1184.3 1198.9
1644 1407.6 1145.4
1645 1511.4 1164.1
1646 1932.2 948.9
1647 1306.3 352.4
1648 158.7 240.6
1649 1566.5 858.6
1650 162.1 749.2
1651 1361.4 25.4
1652 378.4 906.3
1653 252.3 1182.0
1654 1574.3 550.4
1655 1793.2 442.6
1656 268.4 658.4
1657 875.8 1161.6
1658 589.3 344.4
1659 1876.6 864.2
1660 1167.0 1147.8
1661 404.6 529.5
1662 843.5 78.2
1663 860.4 118.7
1664 1666.6 992.2
1665 569.9 1075.5
1666 979.3 646.9
1667 238.2 114.0
1668 990.3 921.7
1669 1241.6 1198.0
1670 1877.2 639.0
1671 1937.8 185.2
1672 1528.6 341.9
1673 1307.2 213.7
1674 587.0 988.4
1675 1569.9 503.7
1676 1962.1 386.4
1677 896.6 1127.5
1678 292.8 1131.5
1679 1950.4 65.1
1680 71.9 736.1
1681 1819.2 666.6
1682 788.7 501.9
1683 746.8 735.8
1684 990.6 160.1
1685 1697.0 488.7
1686 890.8 1122.3
1687 1050.0 9.4
1688 181.3 797.5
1689 1680.4 830.3
1690 475.9 934.8
1691 1314.5 209.8
1692 247.8 911.9
1693 1169.9 997.2
1694 209.7 5.2
1695 604.1 945.9
1696 44.3 444.3
1697 1341.6 73.0
1698 28.3 891.5
1699 500.7 778.9
1700 1169.5 908.4
1701 258.2 631.6
1702 1799.8 963.5
1703 877.8 1066.1
1704 371.3 468.7
1705 511.8 566.5
1706 917.5 1024.6
1707 350.7 385.6
1708 672.9 164.8
1709 1039.8 506.9
1710 172.4 955.4
1711 1355.7 541.8
1712 1761.9 704.4
1713 1399.7 601.8
1714 1877.4 621.0
1715 1840.4 191.5
1716 706.3 1019.6
1717 966.0 456.0
1718 1819.1 914.2
1719 1779.4 297.5
1720 1712.4 629.2
1721 594.8 959.5
1722 1951.1 517.1
1723 894.4 961.0
1724 1802.6 427.7
1725 1981.1 221.3
1726 1764.1 818.8
1727 419.2 556.6
1728 801.8 568.1
1729 1709.4 174.9
1730 689.5 379.1
1731 1080.4 1143.9
1732 975.0 40.6
1733 437.1 347.2
1734 263.3 679.0
1735 1143.1 40.3
1736 1187.7 123.8
1737 1055.8 151.8
1738 171.7 136.2
1739 1130.2 1159.8
1740 1835.2 658.5
1741 1989.5 333.8
1742 1757.5 655.9
1743 1011.8 1158.3
1744 1721.8 713.8
1745 215.4 112.9
1746 835.6 1122.1
1747 1296.7 554.9
1748 1167.9 368.8
1749 1842.7 440.5
1750 1991.6 723.4
1751 1328.5 419.8
1752 815.0 909.0
1753 1528.5 221.6
1754 1633.2 487.8
1755 1953.2 681.6
1756 116.9 657.5
1757 1906.5 234.5
1758 1458.1 888.2
1759 1277.6 922.0
1760 523.2 901.4
1761 760.0 965.7
1762 236.2 1016.9
1763 1888.6 792.3
1764 1888.0 940.9
1765 1169.3 232.8
1766 1651.2 705.5
1767 1731.7 418.7
1768 1820.4 135.2
1769 1888.6 1193.0
1770 1.8 615.4
1771 1370.3 370.8
1772 740.2 382.8
1773 517.6 223.9
1774 608.1 767.3
1775 463.5 128.0
1776 1075.9 1117.6
1777 1709.3 739.1
1778 1276.8 597.8
1779 1754.3 1097.1
1780 28.1 73.5
1781 47.1 308.9
1782 1563.6 928.4
1783 133.9 631.3
1784 242.0 833.3
1785 1595.5 832.6
1786 834.7 94.4
1787 869.2 237.9
1788 970.9 497.7
1789 958.1 1189.7
1790 1401.6 118.6
1791 1202.4 256.9
1792 1264.4 748.9
1793 964.7 1164.7
1794 751.5 195.6
1795 462.0 208.0
1796 1118.8 781.9
1797 336.1 1017.7
1798 748.3 881.2
1799 1206.4 649.9
1800 521.2 4.5
1801 56.8 1159.0
1802 56.1 995.4
1803 1733.5 464.3
1804 187.7 391.3
1805 664.8 196.6
1806 1939.7 613.0
1807 1267.1 964.0
1808 1511.5 482.2
1809 1117.7 238.7
1810 477.1 5.7
1811 236.4 621.8
1812 860.0 788.1
1813 1665.4 315.0
1814 1873.2 441.0
1815 334.5 1052.0
1816 270.5 191.7
1817 1786.0 945.5
1818 83.1 541.5
1819 1158.4 556.9
1820 1560.1 282.5
1821 78.3 180.5
1822 1366.1 1144.3
1823 613.6 1100.9
1824 1711.6 959.8
1825 862.4 355.9
1826 1323.4 766.5
1827 1908.4 398.9
1828 186.9 1015.1
1829 1628.8 150.6
1830 141.9 265.9
1831 1214.9 1100.7
1832 939.9 976.4
1833 1284.5 624.4
1834 1972.8 807.7
1835 1820.5 360.6
1836 1622.2 158.6
1837 1888.0 654.8
1838 1651.7 22.8
1839 128.2 172.8
1840 1883.6 1160.2
1841 1319.9 304.3
1842 598.8 813.0
1843 1137.0 1040.1
1844 793.7 199.0
1845 399.2 531.4
1846 41.2 278.6
1847 1209.0 210.5
1848 1297.1 92.7
1849 703.7 363.3
1850 1560.9 524.3
1851 1374.0 1190.0
1852 444.3 700.5
1853 950.4 298.7
1854 382.9 877.4
1855 1109.7 988.1
1856 173.9 171.5
1857 1048.5 871.2
1858 159.9 1065.1
1859 1651.6 996.4
1860 1357.2 1099.9
1861 790.1 723.5
1862 90.9 590.7
1863 1625.4 1146.6
1864 868.1 44.4
1865 258.9 416.0
1866 1972.5 563.6
1867 27.8 1004.1
1868 1312.8 639.0
1869 1561.8 1157.4
1870 287.2 224.5
1871 249.3 33.1
1872 1283.6 238.7
1873 919.5 354.6
1874 233.2 92.3
1875 1688.5 658.7
1876 780.3 458.9
1877 829.1 426.4
1878 1365.2 898.6
1879 989.4 1193.4
1880 695.8 1165.5
1881 52.8 375.3
1882 1732.5 887.7
1883 1080.7 1084.3
1884 1097.6 311.8
1885 1824.3 433.0
1886 202.5 95.3
1887 229.6 815.5
1888 757.5 798.2
1889 958.0 941.1
1890 1799.4 319.5
1891 1824.1 162.0
1892 31.4 450.1
1893 258.1 290.5
1894 31.7 1037.9
1895 628.5 137.6
1896 1388.4 639.9
1897 542.7 168.7
1898 1474.9 640.0
1899 1328.0 640.9
1900 1562.0 846.4
1901 977.0 244.3
1902 854.9 456.5
1903 1508.7 459.6
1904 662.5 915.3
1905 1871.3 378.9
1906 1557.3 48.6
1907 765.4 195.3
1908 1244.5 993.9
1909 596.5 307.8
1910 1854.9 726.7
1911 1417.0 1116.4
1912 1428.4 589.1
1913 42.6 613.7
1914 1961.9 1156.1
1915 100.5 782.3
1916 1269.8 1014.6
1917 114.6 362.8
1918 1152.3 647.4
1919 553.9 1091.4
1920 1398.2 598.5
1921 187.5 1138.8
1922 1676.8 620.1
1923 257.8 986.8
1924 1004.6 740.4
1925 1549.3 411.3
1926 1860.0 1191.6
1927 1087.1 66.3
1928 180.1 495.7
1929 1338.9 72.2
1930 1344.9 1181.7
1931 1616.0 1039.3
1932 1179.0 197.5
1933 346.1 99.3
1934 239.3 724.1
1935 389.8 422.4
1936 603.4 417.1
1937 157.9 334.8
1938 1331.7 852.6
1939 732.8 895.8
1940 1041.3 825.3
1941 286.7 125.2
1942 575.1 123.8
1943 1172.5 358.5
1944 1489.4 813.1
1945 1350.3 916.5
1946 1973.3 122.6
1947 721.4 1077.8
1948 1557.4 939.8
1949 396.3 30.3
1950 40.2 209.5
1951 1248.3 601.8
1952 1943.0 1029.8
1953 1078.6 251.2
1954 1706.1 600.8
1955 1686.1 943.7
1956 812.9 67.7
1957 494.7 356.6
1958 513.0 1017.6
1959 1518.6 73.2
1960 1356.3 1191.8
1961 1146.7 880.0
1962 1380.4 387.3
1963 1975.9 561.9
1964 827.8 104.1
1965 1739.6 746.7
1966 1726.4 475.3
1967 572.9 222.3
1968 266.3 1194.5
1969 1047.7 493.9
1970 774.0 475.4
1971 833.1 818.1
1972 1312.0 1036.0
1973 1910.4 823.4
1974 76.5 593.7
1975 1975.1 33.2
1976 1381.8 296.3
1977 1112.1 50.0
1978 915.4 969.5
1979 975.6 444.9
1980 1366.1 924.3
1981 959.5 199.6
1982 1949.1 1075.8
1983 1909.2 529.7
1984 1979.7 216.2
1985 1498.0 1007.3
1986 83.9 259.9
1987 1387.8 203.5
1988 1834.7 502.1
1989 1550.8 356.6
1990 292.9 377.8
1991 1664.4 239.9
1992 1017.9 957.9
1993 248.8 14.3
1994 675.2 224.4
1995 554.4 787.1
1996 510.5 708.6
1997 855.1 321.6
1998 1572.7 210.6
1999 20.3 1115.3
2000 1615.8 811.7
2001 1994.4 112.9
2002 1986.4 1184.8
2003 715.6 258.2
2004 1391.9 837.9
2005 376.1 953.9
2006 629.1 537.9
2007 1385.1 513.2
2008 720.0 753.7
2009 978.1 906.4
2010 1101.3 526.7
2011 991.0 455.0
2012 1237.6 1172.6
2013 941.2 320.7
2014 1391.5 533.5
2015 12.0 241.4
2016 566.6 164.4
2017 1705.1 595.5
2018 1489.9 1165.9
2019 908.2 131.3
2020 1942.6 107.7
2021 686.8 745.5
2022 1137.9 414.9
2023 1836.0 924.7
2024 1703.3 516.9
2025 1026.1 798.0
2026 190.9 164.9
2027 1411.1 669.6
2028 725.3 780.4
2029 530.9 80.2
2030 1451.0 852.6
2031 690.9 761.6
2032 1071.8 1066.6
2033 494.8 215.4
2034 1468.7 326.1
2035 1795.9 86.4
2036 1943.9 533.0
2037 273.1 775.9
2038 1028.9 78.3
2039 1189.9 124.9
2040 1501.7 605.0
2041 720.6 184.2
2042 843.5 1016.0
2043 1853.5 282.8
2044 1360.9 908.7
2045 1930.7 407.1
2046 1672.4 127.8
2047 1051.5 1037.1
2048 1806.1 74.9
2049 1092.8 816.0
2050 1305.8 433.3
2051 846.9 229.1
2052 403.6 978.7
2053 1999.6 731.3
2054 288.6 213.5
2055 1644.2 340.4
2056 656.0 968.7
2057 1514.0 264.8
2058 80.1 574.8
2059 774.4 397.3
2060 1162.8 44.7
2061 1418.5 833.3
2062 979.4 7.8
2063 733.8 669.2
2064 1827.8 125.4
2065 1934.4 692.2
2066 389.0 238.2
2067 1852.9 520.4
2068 902.4 711.6
2069 704.3 368.9
2070 1478.8 239.1
2071 512.8 445.7
2072 1146.7 1136.1
2073 1813.0 1112.4
2074 579.8 494.2
2075 215.3 7.6
2076 1258.5 93.6
2077 745.0 962.0
2078 1408.8 275.5
2079 1509.7 821.7
2080 1526.8 331.0
2081 1116.9 673.3
2082 1222.6 355.0
2083 642.9 862.5
2084 1041.2 370.9
2085 1474.4 58.5
2086 759.1 903.5
2087 1225.6 381.8
2088 1266.7 674.3
2089 900.0 164.2
2090 273.3 648.8
2091 358.9 246.2
2092 271.6 612.2
2093 1527.2 212.0
2094 1088.0 809.7
2095 212.8 620.7
2096 1633.2 1077.4
2097 811.2 83.4
2098 1289.4 760.5
2099 960.1 4.4
2100 1910.6 252.5
2101 1864.2 441.4
2102 628.2 10.7
2103 1905.8 946.7
2104 1412.9 104.2
2105 141.3 348.7
2106 1948.4 115.6
2107 1507.3 1001.5
2108 1552.6 273.3
2109 241.0 1162.6
2110 157.8 424.6
2111 503.6 1077.5
2112 1720.0 4.0
2113 693.3 686.8
2114 131.8 776.9
2115 1686.0 1127.8
2116 1440.4 596.4
2117 1748.6 450.4
2118 1581.9 962.8
2119 429.9 40.8
2120 552.4 989.7
2121 833.0 434.0
2122 451.2 1164.6
2123 279.2 631.4
2124 45.0 1034.7
2125 1284.2 320.7
2126 1713.0 112.5
2127 1411.9 363.7
2128 760.5 763.3
2129 1376.4 97.2
2130 61.8 430.7
2131 430.7 690.3
2132 1589.0 195.8
2133 145.8 905.4
2134 458.9 636.5
2135 440.3 1139.7
2136 657.1 1186.4
2137 769.8 679.1
2138 303.9 30.0
2139 562.0 645.2
2140 15.7 1046.1
2141 1291.8 95.0
2142 162.4 1060.5
2143 1470.3 896.5
2144 128.2 674.6
2145 1046.7 273.2
2146 1698.5 609.9
2147 394.7 585.1
2148 1691.9 2.6
2149 97.3 661.4
2150 682.4 1030.8
2151 1411.8 1183.0
2152 834.6 878.4
2153 13.4 854.7
2154 79.8 9.5
2155 1954.8 555.2
2156 44.8 833.7
2157 663.9 1013.6
2158 1709.9 49.6
2159 1471.4 39.2
2160 584.1 661.5
2161 1618.2 995.5
2162 1290.6 650.9
2163 37.9 629.0
2164 137.2 195.0
2165 174.8 338.8
2166 77.5 133.5
2167 1337.2 839.4
2168 1672.0 1108.3
2169 607.7 837.8
2170 686.6 720.7
2171 1428.2 1090.9
2172 693.9 548.6
2173 873.9 869.6
2174 323.2 147.2
2175 468.8 357.1
2176 1271.9 1109.0
2177 1159.7 101.3
2178 224.6 1075.1
2179 446.9 687.1
2180 1433.7 508.1
2181 311.8 167.9
2182 193.8 517.4
2183 1349.1 913.1
2184 366.9 330.3
2185 287.2 771.8
2186 469.8 749.9
2187 1596.6 1158.8
2188 1385.8 686.1
2189 1209.1 729.9
2190 39.4 664.7
2191 400.4 506.4
2192 858.0 268.5
2193 1887.7 732.2
2194 116.7 756.6
2195 1681.1 1198.8
2196 552.2 1100.6
2197 1088.2 237.5
2198 1437.8 291.7
2199 1124.2 867.8
2200 608.2 558.6
2201 651.9 934.5
2202 969.6 738.6
2203 1567.8 109.5
2204 1104.0 573.8
2205 1665.8 897.5
2206 535.0 256.6
2207 1241.9 97.3
2208 1746.1 370.0
2209 1419.9 491.2
2210 1928.3 580.5
2211 97.2 1029.3
2212 396.8 79.2
2213 863.1 3.4
2214 1847.2 444.1
2215 279.7 1102.7
2216 58.9 1172.4
2217 1053.2 1138.4
2218 1264.5 564.6
2219 785.5 619.1
2220 12.6 793.5
2221 203.0 1003.2
2222 1241.8 1176.2
2223 1010.9 876.9
2224 250.9 1019.2
2225 1670.4 996.1
2226 678.1 764.9
2227 1449.4 1172.9
2228 212.9 982.5
2229 932.2 641.2
2230 1648.8 964.3
2231 615.9 778.0
2232 692.9 244.4
2233 544.8 1088.9
2234 55.1 1172.9
2235 1190.2 181.7
2236 275.5 1032.1
2237 371.5 300.4
2238 1106.8 1188.9
2239 1852.1 983.1
2240 1085.7 970.2
2241 1887.2 1039.3
2242 295.2 288.8
2243 1524.4 378.0
2244 977.1 256.6
2245 1434.6 164.4
2246 1242.5 115.6
2247 108.1 656.1
2248 1418.2 418.7
2249 1487.0 922.4
2250 709.4 504.4
2251 1990.6 771.4
2252 1111.6 308.2
2253 1344.2 93.8
2254 200.7 444.8
2255 1017.6 1046.0
2256 1157.7 1155.4
2257 1916.8 726.7
2258 288.7 1158.2
2259 1426.1 918.0
2260 166.6 481.0
2261 1180.1 495.4
2262 1097.8 425.3
2263 1912.5 442.7
2264 746.3 458.7
2265 969.9 1158.0
2266 791.9 141.4
2267 1190.6 139.5
2268 1955.9 460.9
2269 1604.9 515.3
2270 978.9 700.2
2271 107.3 278.6
2272 1970.9 778.7
2273 202.5 268.9
2274 1086.9 25.4
2275 616.5 966.6
2276 1300.8 232.9
2277 1342.3 1198.9
2278 228.7 74.9
2279 1880.9 316.6
2280 348.7 137.1
2281 137.0 523.3
2282 765.9 1034.5
2283 1741.0 166.8
2284 717.5 988.3
2285 1284.9 345.6
2286 1044.9 327.3
2287 1858.6 25.6
2288 1576.0 269.1
2289 477.6 620.9
2290 1661.3 177.0
2291 757.6 90.8
2292 257.7 919.8
2293 1010.9 530.0
2294 1172.1 371.8
2295 338.7 770.6
2296 209.9 769.2
2297 172.1 691.0
2298 927.2 1146.1
2299 1132.5 722.4
2300 1161.6 197.9
2301 1904.0 201.0
2302 285.6 774.0
2303 688.6 670.6
2304 738.4 18.7
2305 574.5 281.7
2306 134.8 1041.3
2307 1265.5 51.3
2308 276.6 443.2
2309 379.1 309.5
2310 712.5 683.7
2311 1627.9 370.6
2312 1992.5 556.1
2313 1712.1 869.6
2314 1577.2 167.9
2315 1231.1 735.5
2316 368.4 995.7
2317 884.4 751.3
2318 1856.4 203.8
2319 1170.9 483.9
2320 905.7 75.3
2321 291.1 430.0
2322 991.6 839.1
2323 1631.1 591.4
2324 615.4 171.0
2325 983.2 785.7
2326 175.4 648.6
2327 1083.8 45.0
2328 450.5 353.9
2329 1821.4 953.4
2330 1517.3 180.4
2331 1478.6 408.5
2332 397.6 121.1
2333 74.4 298.3
2334 645.4 1117.0
2335 1054.1 1028.7
2336 1563.1 1033.0
2337 222.8 1169.2
2338 755.0 217.3
2339 1294.3 533.9
2340 254.6 1113.4
2341 1328.9 1062.4
2342 457.7 463.4
2343 1070.2 207.8
2344 1874.2 694.7
2345 1742.0 264.3
2346 1430.7 892.2
2347 1990.5 971.7
2348 560.2 910.9
2349 1510.6 389.3
2350 902.3 4.7
2351 72.5 516.8
2352 1370.6 268.2
2353 1995.7 70.0
2354 1444.9 22.0
2355 1345.9 988.2
2356 1899.7 485.4
2357 1500.4 305.5
2358 154.9 663.6
2359 1326.3 553.8
2360 518.3 562.2
2361 1555.2 572.5
2362 1948.8 109.9
2363 651.3 699.1
2364 611.3 113.4
2365 1777.4 946.2
2366 1229.4 936.2
2367 652.5 964.0
2368 439.5 838.7
2369 1482.4 456.6
2370 567.2 73.0
2371 1134.7 160.9
2372 1955.4 494.0
2373 684.8 1044.6
2374 905.8 594.5
2375 428.7 843.8
2376 345.3 979.7
2377 766.1 987.0
2378 184.7 309.5
2379 81.4 846.7
2380 1763.3 241.7
2381 386.7 642.3
2382 1256.9 169.2
2383 261.7 136.2
2384 1326.0 218.6
2385 17.0 214.6
2386 1023.1 380.3
2387 1595.6 866.9
2388 1286.4 1131.3
2389 422.2 105.3
2390 1607.0 6.3
2391 1489.8 634.4
2392 356.2 1066.6
2393 1919.3 306.4
2394 1373.3 522.0
2395 1833.8 996.9
2396 630.9 987.1
2397 1941.7 8.1
2398 702.6 1138.3
2399 350.2 877.0
2400 415.8 1025.7
2401 7.1 117.9
2402 1751.9 407.9
2403 290.5 230.2
2404 93.5 1144.2
2405 848.3 981.2
2406 1829.1 969.5
2407 854.6 236.9
2408 196.9 602.9
2409 524.5 112.2
2410 1033.5 579.7
2411 1005.9 1162.2
2412 314.4 984.7
2413 1759.2 1197.1
2414 1528.8 806.2
2415 1218.0 705.2
2416 733.8 416.7
2417 1181.9 776.6
2418 521.4 152.8
2419 927.8 992.7
2420 1794.2 579.6
2421 248.3 1138.1
2422 69.4 661.4
2423 1365.6 482.5
2424 1289.9 275.5
2425 398.3 822.2
2426 1790.6 1108.9
2427 1034.3 39.2
2428 1176.1 459.6
2429 1416.5 255.9
2430 462.7 1008.5
2431 1752.1 602.0
2432 368.7 1168.7
2433 966.2 599.7
2434 409.4 196.5
2435 680.0 174.6
2436 982.2 842.9
2437 764.2 1106.3
2438 1855.6 102.3
2439 1596.0 651.3
2440 74.4 873.8
2441 1009.2 110.1
2442 830.8 326.4
2443 1394.2 30.3
2444 523.9 3.3
2445 1086.8 605.2
2446 919.1 517.9
2447 960.5 665.8
2448 45.1 750.6
2449 1752.0 948.2
2450 45.3 445.4
2451 41.9 424.0
2452 1938.4 380.0
2453 1746.0 468.7
2454 862.1 455.7
2455 1413.9 1164.0
2456 1269.5 438.1
2457 410.8 738.3
2458 215.8 1127.1
2459 1762.8 996.9
2460 650.8 1056.9
2461 279.0 278.4
2462 632.4 508.0
2463 189.6 79.4
2464 1226.3 290.9
2465 936.8 126.8
2466 1516.7 864.9
2467 707.8 60.9
2468 1894.0 393.0
2469 462.3 473.5
2470 206.9 825.9
2471 27.8 293.6
2472 580.7 871.5
2473 882.1 181.8
2474 8.0 161.0
2475 221.0 546.9
2476 1948.1 920.4
2477 1251.3 590.5
2478 1652.7 435.5
2479 581.2 184.0
2480 68.3 801.4
2481 261.0 985.5
2482 273.5 655.3
2483 1009.6 780.7
2484 1456.1 69.5
2485 943.9 705.2
2486 905.0 551.2
2487 643.9 781.9
2488 12.5 97.6
2489 1089.5 310.1
2490 167.2 637.4
2491 913.1 167.5
2492 434.4 521.8
2493 521.0 380.2
2494 1520.9 509.6
2495 632.5 1.0
2496 1832.5 119.8
2497 1785.4 757.5
2498 757.6 162.5
2499 453.9 784.0
2500 59.1 999.1
2501 810.7 690.4
2502 1244.6 1137.2
2503 984.2 480.4
2504 1850.1 128.9
2505 1652.2 1074.9
2506 765.4 793.2
2507 49.2 159.9
2508 829.4 26.0
2509 336.1 81.9
2510 480.0 938.8
2511 1719.5 205.8
2512 1162.1 923.6
2513 1485.2 554.9
2514 1064.2 398.6
2515 676.3 825.5
2516 1208.4 789.1
2517 1824.9 1095.7
2518 314.2 633.7
2519 142.4 686.3
2520 1772.8 132.8
2521 1329.3 675.5
2522 1211.9 680.6
2523 1060.1 999.5
2524 1837.1 894.8
2525 975.0 537.7
2526 303.8 666.3
2527 1234.0 9.0
2528 383.6 80.1
2529 1821.0 891.0
2530 1043.4 515.9
2531 400.6 1116.4
2532 1620.0 685.8
2533 113.2 727.5
2534 1121.8 195.8
2535 402.2 770.1
2536 1275.7 161.1
2537 36.4 55.4
2538 1759.2 39.0
2539 650.4 640.0
2540 82.5 10.3
2541 1130.3 226.9
2542 1023.6 820.1
2543 1453.0 101.0
2544 453.2 882.7
2545 1035.9 598.0
2546 1073.3 253.5
2547 1877.1 1127.2
2548 1391.4 776.8
2549 1605.9 503.2
2550 443.1 1179.3
2551 1725.7 129.7
2552 276.0 476.1
2553 854.0 118.4
2554 599.6 139.8
2555 347.8 225.9
2556 1871.4 740.5
2557 1170.9 422.9
2558 1976.9 244.5
2559 124.4 183.9
2560 1832.9 905.1
2561 618.2 868.8
2562 1871.7 705.3
2563 246.8 1159.7
2564 1206.5 152.6
2565 1157.6 702.6
2566 835.2 495.0
2567 1843.9 697.4
2568 1584.6 1137.4
2569 1443.0 521.8
2570 175.6 920.0
2571 483.7 1059.3
2572 1268.9 927.6
2573 1694.7 987.0
2574 749.4 498.9
2575 1390.3 225.3
2576 966.2 231.0
2577 1211.0 290.7
2578 112.5 76.9
2579 1596.8 1120.0
2580 475.3 1041.1
2581 1582.5 879.7
2582 1445.6 696.0
2583 1121.4 913.4
2584 1500.0 452.3
2585 1779.6 49.7
2586 1803.5 974.8
2587 728.4 417.9
2588 1039.2 236.3
2589 1313.5 355.5
2590 736.4 81.3
2591 1585.7 944.1
2592 1184.2 660.9
2593 1596.0 86.7
2594 1627.4 486.5
2595 1333.7 145.1
2596 1051.6 678.5
2597 506.0 574.4
2598 1057.6 334.4
2599 1783.4 159.1
2600 42.3 603.5
2601 1817.1 179.3
2602 606.4 673.9
2603 811.5 886.2
2604 270.1 37.0
2605 819.9 755.1
2606 931.0 1085.4
2607 1858.3 1177.6
2608 1772.4 1039.1
2609 413.1 741.7
2610 895.0 293.5
2611 269.3 887.7
2612 1870.2 15.7
2613 1544.7 1114.3
2614 1857.7 798.5
2615 1779.5 436.8
2616 608.6 1111.3
2617 1815.1 842.8
2618 1307.6 1166.6
2619 1130.0 180.1
2620 601.4 483.3
2621 1524.0 966.5
2622 465.5 1192.6
2623 1755.5 1074.4
2624 1283.6 479.3
2625 1321.9 1000.2
2626 338.1 234.4
2627 476.3 990.2
2628 419.4 124.2
2629 163.3 953.8
2630 1362.5 893.3
2631 1460.4 10.5
2632 1974.2 87.4
2633 1036.4 835.5
2634 1908.0 1130.7
2635 1188.3 484.7
2636 792.9 1102.0
2637 411.3 221.1
2638 169.4 254.2
2639 1789.7 766.8
2640 59.1 36.2
2641 186.8 1003.7
2642 1588.8 827.1
2643 1048.0 1026.7
2644 350.0 459.4
2645 826.7 232.9
2646 984.4 3.0
2647 1560.6 861.9
2648 1172.5 400.6
2649 78.2 609.3
2650 1214.6 295.6
2651 662.5 133.1
2652 850.9 507.0
2653 935.8 201.3
2654 584.9 372.1
2655 1069.5 1035.5
2656 99.2 396.7
2657 567.5 814.8
2658 750.7 936.6
2659 1108.2 1085.1
2660 678.5 752.0
2661 898.1 467.2
2662 1649.3 107.5
2663 1971.7 224.0
2664 529.2 285.9
2665 791.5 725.9
2666 1649.5 209.4
2667 897.7 1087.5
2668 131.7 1105.9
2669 1996.2 237.1
2670 257.0 54.5
2671 384.4 562.6
2672 611.4 45.3
2673 1123.6 1059.4
2674 37.8 244.1
2675 1240.9 838.7
2676 488.7 545.4
2677 245.7 299.5
2678 875.0 532.8
2679 629.3 490.4
2680 1437.3 492.6
2681 641.4 247.4
2682 387.2 346.8
2683 1425.5 992.8
2684 325.5 315.7
2685 1651.9 1101.6
2686 1548.5 823.8
2687 1255.7 1127.5
2688 66.1 946.8
2689 507.5 1110.6
2690 1206.0 637.4
2691 950.1 602.6
2692 739.5 780.5
2693 1884.6 550.6
2694 750.5 817.7
2695 858.4 66.6
2696 94.4 107.7
2697 366.8 835.0
2698 514.1 734.8
2699 551.7 1025.7
2700 22.4 743.8
2701 1074.4 1030.6
2702 1815.1 863.6
2703 1356.3 469.6
2704 1804.8 1188.0
2705 1895.4 6.6
2706 1005.3 675.6
2707 1143.1 771.9
2708 688.2 1062.1
2709 254.3 971.5
2710 1160.1 778.0
2711 968.5 510.6
2712 81.4 440.5
2713 756.5 253.7
2714 609.5 355.2
2715 797.1 381.5
2716 1226.3 497.7
2717 1273.4 1010.9
2718 1123.0 348.7
2719 98.3 154.2
2720 370.7 864.6
2721 1369.0 619.1
2722 1681.8 311.6
2723 1934.5 544.4
2724 1402.7 374.3
2725 1847.4 426.7
2726 1148.6 521.5
2727 1615.9 586.1
2728 1651.4 827.4
2729 1240.1 751.7
2730 779.0 737.8
2731 656.6 637.2
2732 1046.7 1061.8
2733 1946.5 366.7
2734 1052.6 368.5
2735 776.6 286.8
2736 1926.1 1161.0
2737 1217.3 158.5
2738 1894.3 900.7
2739 1863.1 644.6
2740 1353.6 577.3
2741 923.0 308.7
2742 1375.3 1076.7
2743 1017.8 486.6
2744 935.1 932.9
2745 1091.4 818.2
2746 67.5 914.7
2747 1433.6 895.0
2748 1117.1 526.0
2749 952.3 760.1
2750 586.6 348.4
2751 1493.4 1058.6
2752 635.8 422.7
2753 442.4 486.0
2754 1768.4 125.6
2755 620.3 47.8
2756 1705.1 1162.2
2757 232.7 1119.6
2758 508.5 890.7
2759 1833.5 664.2
2760 804.4 318.0
2761 1843.3 870.2
2762 106.5 208.1
2763 1941.5 694.2
2764 1612.8 777.0
2765 463.5 207.9
2766 667.0 842.9
2767 1429.2 688.2
2768 217.4 460.1
2769 558.5 406.2
2770 1586.3 386.9
2771 888.9 282.7
2772 1677.6 847.2
2773 251.4 148.4
2774 109.8 237.3
2775 365.2 266.8
2776 214.7 656.7
2777 1135.6 958.0
2778 342.1 92.5
2779 1024.7 355.2
2780 506.8 541.9
2781 656.4 200.6
2782 1486.2 46.4
2783 519.9 499.7
2784 1210.6 1041.7
2785 206.0 45.9
2786 643.9 909.6
2787 369.7 495.5
2788 1300.6 387.2
2789 332.1 1010.6
2790 61.5 1195.2
2791 1218.6 305.3
2792 405.3 108.9
2793 1596.2 999.6
2794 117.0 352.4
2795 1036.9 841.8
2796 1574.9 921.3
2797 776.5 696.3
2798 949.0 631.6
2799 373.0 681.4
2800 534.5 576.7
2801 1320.2 747.0
2802 461.7 366.1
2803 1317.9 515.8
2804 1515.8 970.6
2805 1364.8 496.4
2806 18.1 430.8
2807 1845.8 1104.3
2808 1973.2 1184.6
2809 1426.5 143.8
2810 1565.1 1050.5
2811 900.1 1139.9
2812 457.6 945.1
2813 1166.3 498.1
2814 681.9 87.5
2815 285.1 685.9
2816 939.0 415.9
2817 1220.8 330.9
2818 245.9 257.8
2819 740.6 769.3
2820 1824.1 751.3
2821 516.8 816.2
2822 173.6 1068.2
2823 571.3 327.0
2824 198.4 348.9
2825 1721.4 22.1
2826 140.9 1040.2
2827 899.7 251.1
2828 181.9 412.2
2829 1993.2 165.5
2830 1452.4 1146.4
2831 1771.8 32.8
2832 1897.2 151.7
2833 1083.0 572.9
2834 645.8 650.2
2835 1339.2 32.1
2836 1958.7 890.6
2837 1479.7 746.7
2838 1409.3 709.6
2839 1513.2 261.9
2840 667.0 931.4
2841 21.6 638.5
2842 313.9 1177.3
2843 1486.9 803.9
2844 55.5 180.1
2845 72.9 1084.4
2846 849.7 215.6
2847 778.2 606.5
2848 239.7 376.4
2849 610.7 799.2
2850 1706.6 1066.6
2851 826.2 984.3
2852 1694.2 474.0
2853 1971.5 658.3
2854 652.7 77.7
2855 106.5 544.3
2856 37.2 1025.3
2857 892.5 719.7
2858 607.8 1186.6
2859 499.7 955.0
2860 115.5 247.3
2861 851.0 167.5
2862 660.6 504.0
2863 576.7 937.4
2864 1276.1 1134.5
2865 1312.6 460.6
2866 929.5 47.2
2867 176.3 637.0
2868 307.5 822.8
2869 256.2 272.8
2870 1509.4 472.1
2871 324.6 624.2
2872 1789.7 960.9
2873 1048.2 1129.1
2874 522.0 436.5
2875 502.1 414.3
2876 1479.2 242.6
2877 1624.1 553.8
2878 133.4 1182.6
2879 1993.1 273.4
2880 641.9 942.6
2881 250.5 267.1
2882 1402.6 909.0
2883 854.5 1182.4
2884 1398.6 591.5
2885 1667.7 1059.8
2886 1043.2 1085.1
2887 349.6 167.8
2888 352.5 142.1
2889 1058.8 708.5
2890 903.7 290.9
2891 967.8 57.4
2892 1589.8 240.4
2893 1292.2 984.0
2894 793.6 878.3
2895 1663.6 288.3
2896 297.1 639.5
2897 1114.0 108.2
2898 1941.3 836.7
2899 1006.4 1183.9
2900 1695.8 1133.1
2901 1213.4 407.2
2902 1648.0 1140.7
2903 1956.5 393.5
2904 207.8 892.2
2905 1751.2 799.9
2906 233.0 26.9
2907 465.3 561.5
2908 1176.3 614.4
2909 1350.5 473.1
2910 1190.3 262.4
2911 542.7 625.4
2912 439.9 256.5
2913 928.0 1064.8
2914 1369.5 556.5
2915 786.8 973.8
2916 1959.6 1025.4
2917 1172.9 1144.2
2918 607.9 811.6
2919 1059.8 847.9
2920 906.7 585.9
2921 1610.3 60.6
2922 1658.9 38.6
2923 1441.0 1098.7
2924 309.4 1026.1
2925 1809.3 227.2
2926 769.5 81.8
2927 1254.5 800.3
2928 387.6 594.7
2929 211.7 535.5
2930 1351.0 1073.2
2931 1714.6 453.6
2932 1515.9 685.9
2933 286.9 651.0
2934 431.5 406.4
2935 759.2 760.0
2936 1074.7 683.0
2937 410.7 61.5
2938 105.3 365.9
2939 1758.4 827.3
2940 1291.9 924.7
2941 1267.4 261.1
2942 157.5 864.1
2943 995.5 6.6
2944 1799.7 920.2
2945 1862.8 495.5
2946 608.3 65.6
2947 591.2 1042.1
2948 1477.6 889.2
2949 1192.4 87.3
2950 923.4 919.5
2951 1054.1 493.1
2952 1624.5 964.7
2953 1659.8 302.1
2954 1102.2 521.8
2955 1800.8 426.5
2956 1975.5 1128.4
2957 1673.3 462.9
2958 1180.0 179.9
2959 1167.1 866.1
2960 1814.1 1030.9
2961 1581.9 540.7
2962 1776.1 164.4
2963 862.5 665.1
2964 1493.2 669.6
2965 1007.2 246.9
2966 580.8 627.5
2967 908.0 211.4
2968 1611.6 322.2
2969 1997.9 1120.4
2970 1577.9 768.6
2971 499.5 360.4
2972 1656.6 306.8
2973 1827.6 356.3
2974 489.9 46.0
2975 1251.2 267.0
2976 1226.2 958.8
2977 260.7 169.7
2978 171.7 689.8
2979 1163.0 672.7
2980 1104.7 734.1
2981 723.9 91.6
2982 909.9 622.1
2983 913.6 1067.4
2984 867.2 509.4
2985 131.6 57.0
2986 625.9 302.5
2987 1809.5 1015.4
2988 799.5 77.9
2989 586.8 1168.6
2990 1334.0 658.8
2991 1446.4 1094.5
2992 1645.7 269.9
2993 575.6 463.5
2994 202.7 1106.3
2995 1555.0 1103.3
2996 1938.1 381.9
2997 1264.5 892.9
2998 521.0 384.5
2999 133.9 967.2
3000 1500.9 498.0
3001 521.4 1096.3
3002 1686.6 42.3
3003 583.9 639.0
3004 861.0 817.7
3005 154.9 1084.0
3006 1545.6 120.3
3007 696.1 146.8
3008 212.5 890.3
3009 1082.0 317.1
3010 1741.3 592.9
3011 851.7 10.6
3012 1046.1 231.2
3013 1799.1 820.1
3014 1296.1 29.1
3015 467.6 1101.0
3016 1483.0 1011.9
3017 1625.6 244.5
3018 1388.8 906.5
3019 1795.0 937.8
3020 1474.3 563.2
3021 369.8 365.3
3022 1388.9 963.5
3023 1291.6 559.8
3024 780.8 53.3
3025 716.1 1125.9
3026 222.8 382.6
3027 1864.8 352.9
3028 15.1 710.9
3029 351.8 1096.2
3030 1359.6 322.5
3031 843.4 513.2
3032 669.1 991.9
3033 1843.7 327.8
3034 1708.0 352.4
3035 350.3 602.6
3036 506.9 275.5
3037 918.5 549.4
3038 1421.0 1050.4
3039 45.0 1153.5
3040 358.0 693.1
3041 1247.1 239.9
3042 655.4 624.7
3043 1885.6 1167.8
3044 232.1 642.5
3045 970.3 577.7
3046 1150.3 559.7
3047 1599.2 1098.6
3048 93.5 83.3
3049 765.5 223.0
3050 1412.0 180.5
3051 809.0 899.5
3052 443.0 1198.0
3053 1998.4 898.8
3054 1895.5 14.5
3055 772.8 12.3
3056 1102.3 436.8
3057 1553.5 477.4
3058 1442.3 206.4
3059 1424.3 1124.3
3060 1247.3 174.8
3061 208.7 342.9
3062 1760.9 899.4
3063 1445.7 8.0
3064 1197.8 610.4
3065 468.1 154.6
3066 1783.1 665.7
3067 481.8 180.5
3068 1107.5 470.0
3069 337.2 60.8
3070 758.1 821.1
3071 305.0 562.5
3072 1021.5 972.2
3073 1919.4 165.3
3074 286.2 986.6
3075 249.4 785.1
3076 1436.7 797.9
3077 1597.5 129.0
3078 1682.3 102.4
3079 1111.3 410.3
3080 208.4 821.6
3081 1642.8 823.3
3082 1662.7 507.6
3083 1518.6 445.7
3084 1510.9 219.9
3085 827.5 1091.6
3086 750.2 81.7
3087 1855.4 215.9
3088 1333.7 512.0
3089 234.9 1050.9
3090 723.8 679.0
3091 87.3 661.1
3092 597.0 1025.6
3093 1096.7 751.2
3094 156.4 226.6
3095 1305.5 117.4
3096 1328.5 1028.0
3097 1883.6 376.7
3098 1201.4 980.3
3099 760.8 491.0
3100 1587.7 644.9
3101 1352.1 74.1
3102 1336.9 1005.7
3103 1637.3 610.9
3104 1586.9 1105.9
3105 814.4 916.7
3106 135.0 1083.2
3107 1213.5 596.9
3108 261.3 839.0
3109 982.9 1113.3
3110 1817.6 1013.0
3111 744.0 682.5
3112 1184.3 970.5
3113 788.3 761.9
3114 561.5 870.5
3115 1167.8 484.7
3116 962.2 390.8
3117 379.6 291.0
3118 506.4 552.2
3119 46.9 718.2
3120 1942.2 61.2
3121 1697.7 1128.7
3122 730.7 970.6
3123 388.2 598.1
3124 1262.0 550.5
3125 1807.4 490.3
3126 1146.3 925.0
3127 1677.1 862.2
3128 1105.6 19.4
3129 1403.5 330.0
3130 941.6 562.7
3131 520.2 489.4
3132 404.1 551.5
3133 913.1 826.4
3134 72.2 720.7
3135 88.1 782.8
3136 1970.7 865.6
3137 1651.7 188.8
3138 938.4 723.5
3139 149.5 270.4
3140 1926.7 1068.6
3141 1325.8 425.4
3142 1639.4 513.6
3143 1282.5 1181.2
3144 777.2 184.2
3145 1853.0 440.4
3146 1420.7 256.4
3147 235.4 227.7
3148 1991.7 841.9
3149 1407.6 355.7
3150 595.8 905.2
3151 1315.1 349.0
3152 1822.5 933.0
3153 1075.5 113.7
3154 49.8 906.1
3155 968.1 597.5
3156 1983.5 13.8
3157 107.2 723.3
3158 911.2 197.6
3159 1012.0 71.6
3160 1830.6 884.6
3161 1346.9 1014.7
3162 1970.9 138.1
3163 1959.8 1051.6
3164 633.4 50.7
3165 1016.4 1199.2
3166 640.9 654.0
3167 822.7 563.8
3168 583.5 856.0
3169 127.9 1144.4
3170 393.0 730.6
3171 720.8 212.6
3172 501.3 896.9
3173 457.3 225.4
3174 615.7 1059.5
3175 1873.5 301.6
3176 1911.4 584.6
3177 911.6 799.9
3178 962.4 146.1
3179 100.9 294.1
3180 1542.4 1077.2
3181 1177.5 796.6
3182 1494.2 33.6
3183 1504.1 308.6
3184 679.4 658.4
3185 1749.7 1027.6
3186 1289.7 878.7
3187 1439.1 341.2
3188 881.1 382.5
3189 1693.9 834.0
3190 928.5 326.4
3191 482.9 830.7
3192 649.3 754.0
3193 1862.6 1155.7
3194 1291.0 145.5
3195 547.1 788.6
3196 753.3 660.3
3197 767.5 821.3
3198 1604.1 162.5
3199 1410.8 970.4
3200 302.1 1144.6
3201 1239.8 266.1
3202 175.6 822.2
3203 216.8 542.9
3204 622.0 678.0
3205 1622.5 546.2
3206 1748.0 211.8
3207 747.3 30.2
3208 776.1 1081.4
3209 1626.6 1062.0
3210 1334.7 425.1
3211 746.9 991.8
3212 519.3 623.0
3213 597.5 471.1
3214 364.5 613.2
3215 1328.4 74.0
3216 205.4 643.1
3217 1066.9 922.8
3218 1389.2 1014.9
3219 54.2 922.4
3220 1426.7 565.1
3221 1568.7 782.2
3222 734.1 41.8
3223 976.7 567.6
3224 260.6 764.4
3225 411.6 673.7
3226 1233.1 83.7
3227 768.8 1147.0
3228 209.9 421.6
3229 1812.8 547.0
3230 1628.3 598.4
3231 863.4 919.5
3232 1145.5 298.9
3233 1834.8 864.6
3234 321.3 921.2
3235 1896.4 606.7
3236 1309.9 134.5
3237 1047.5 689.0
3238 1889.6 967.9
3239 1793.6 1160.2
3240 1337.8 803.1
3241 74.1 844.5
3242 789.9 754.2
3243 1623.1 69.3
3244 805.5 136.9
3245 1840.3 718.2
3246 1692.0 873.5
3247 534.0 526.5
3248 900.8 99.2
3249 1424.0 104.3
3250 344.8 733.2
3251 167.2 878.5
3252 356.1 27.3
3253 1899.6 687.3
3254 685.0 858.1
3255 1125.8 1136.2
3256 1891.9 1139.0
3257 1325.4 833.1
3258 502.3 598.5
3259 259.1 175.3
3260 392.9 643.0
3261 1792.8 126.2
3262 604.9 989.7
3263 1870.7 167.6
3264 1031.9 216.6
3265 728.2 964.5
3266 1692.7 987.5
3267 1812.9 669.3
3268 376.8 533.0
3269 1159.8 534.3
3270 1880.1 695.6
3271 577.7 152.7
3272 494.3 601.9
3273 1414.3 857.7
3274 1608.9 222.6
3275 1755.9 1027.7
3276 600.5 661.4
3277 1390.9 1155.3
3278 1614.6 157.1
3279 563.8 288.2
3280 1258.6 590.6
3281 1995.8 81.2
3282 351.2 44.4
3283 774.8 877.5
3284 576.9 902.0
3285 656.3 862.5
3286 1003.1 1111.4
3287 1886.1 632.2
3288 1308.8 987.4
3289 343.3 309.0
3290 125.2 342.2
3291 1482.6 1055.7
3292 343.9 985.3
3293 373.9 987.2
3294 1092.6 86.9
3295 1945.3 215.5
3296 666.7 132.2
3297 1515.2 677.7
3298 618.0 327.5
3299 750.0 669.7
3300 548.1 435.9
3301 1047.9 139.6
3302 1712.3 459.9
3303 653.9 944.1
3304 1771.6 291.2
3305 924.9 575.4
3306 423.0 561.6
3307 1395.5 858.0
3308 1483.4 843.5
3309 840.9 503.7
3310 1965.6 137.1
3311 681.7 442.7
3312 1898.0 725.0
3313 1514.9 129.4
3314 985.1 900.2
3315 1768.1 280.1
3316 204.9 10.9
3317 210.5 785.9
3318 425.2 743.8
3319 734.3 373.7
3320 115.4 456.3
3321 1658.9 368.8
3322 1296.1 1078.9
3323 1477.3 497.2
3324 596.7 685.3
3325 1002.0 455.9
3326 1552.0 586.8
3327 495.4 316.7
3328 642.3 670.4
3329 65.3 530.6
3330 763.0 231.2
3331 581.1 974.4
3332 1927.9 70.3
3333 1331.9 750.0
3334 1209.0 796.1
3335 160.6 448.5
3336 1989.5 1114.0
3337 114.7 481.0
3338 340.0 1008.8
3339 889.7 197.2
3340 460.1 770.8
3341 1848.6 191.2
3342 1694.6 989.2
3343 1704.0 839.2
3344 1429.4 172.4
3345 1563.3 830.7
3346 664.0 482.8
3347 18.0 1004.2
3348 62.3 813.7
3349 1077.3 462.7
3350 615.3 877.9
3351 686.8 1130.4
3352 1587.5 155.7
3353 1908.1 1191.5
3354 292.1 1162.7
3355 943.6 260.0
3356 860.2 65.6
3357 588.4 609.9
3358 1577.3 883.2
3359 769.2 1009.1
3360 851.1 1185.6
3361 956.4 12.7
3362 1840.2 1165.5
3363 83.6 516.7
3364 1250.0 620.3
3365 475.4 1150.2
3366 1976.7 14.0
3367 1806.5 202.1
3368 1312.5 1088.7
3369 1585.0 1185.6
3370 1276.8 324.1
3371 960.9 880.0
3372 626.3 379.9
3373 261.8 897.8
3374 145.8 753.2
3375 683.5 967.0
3376 396.6 775.7
3377 664.3 675.6
3378 1028.7 100.2
3379 306.7 696.1
3380 1345.1 5.9
3381 1045.5 1124.3
3382 828.6 532.3
3383 302.9 910.1
3384 1401.5 1051.5
3385 1629.1 352.0
3386 1184.9 390.8
3387 417.4 562.9
3388 473.7 956.6
3389 501.1 934.1
3390 1053.0 158.3
3391 1246.5 53.9
3392 370.4 301.5
3393 1426.5 672.9
3394 1084.0 1089.6
3395 1605.9 536.2
3396 1864.5 80.7
3397 77.4 965.6
3398 26.7 562.3
3399 1216.3 1070.3
3400 1299.6 116.4
3401 598.3 1164.2
3402 1914.2 1131.0
3403 1836.8 801.3
3404 499.5 380.6
3405 794.2 338.7
3406 1492.9 1077.5
3407 1289.8 473.9
3408 1231.1 279.6
3409 1315.1 475.0
3410 780.6 773.5
3411 1619.7 181.1
3412 91.9 905.8
3413 1788.4 424.3
3414 22.9 489.2
3415 208.4 109.9
3416 1523.6 550.9
3417 1876.5 819.1
3418 1472.1 50.8
3419 118.0 361.7
3420 1507.2 270.4
3421 1950.3 398.1
3422 1045.7 35.0
3423 1704.9 66.8
3424 32.2 1168.0
3425 1440.6 417.3
3426 887.0 218.5
3427 618.3 1170.9
3428 853.3 946.7
3429 1406.8 569.4
3430 158.4 1128.0
3431 368.7 84.1
3432 64.9 340.3
3433 78.3 751.0
3434 344.2 396.1
3435 1683.0 17.4
3436 767.1 583.6
3437 1816.8 906.7
3438 1130.7 963.0
3439 1603.9 327.7
3440 1873.2 872.8
3441 1234.3 498.9
3442 1952.8 116.9
3443 1256.8 1029.6
3444 1942.0 686.3
3445 1630.7 909.1
3446 1936.6 511.3
3447 63.5 662.4
3448 198.3 909.6
3449 1247.0 264.0
3450 1682.6 1116.3
3451 2.3 179.3
3452 761.1 1104.0
3453 1971.4 938.7
3454 1301.0 791.6
3455 1493.9 970.7
3456 556.5 315.7
3457 1623.0 36.0
3458 1921.4 1077.6
3459 1154.8 41.5
3460 523.6 201.8
3461 1479.0 1004.8
3462 13.8 529.4
3463 514.4 662.5
3464 375.8 353.2
3465 471.4 339.2
3466 308.5 923.1
3467 1872.1 502.3
3468 1110.8 960.0
3469 1433.6 785.7
3470 794.8 114.2
3471 1349.9 914.2
3472 533.7 972.4
3473 833.7 1115.3
3474 680.7 498.6
3475 447.2 713.4
3476 1705.5 396.3
3477 488.7 987.9
3478 1327.2 975.5
3479 522.9 1175.4
3480 164.2 1179.6
3481 638.3 307.3
3482 1945.4 743.2
3483 1581.9 669.5
3484 102.6 808.8
3485 331.4 761.3
3486 1688.0 558.8
3487 731.8 15.0
3488 707.1 709.2
3489 871.6 322.8
3490 1612.3 99.8
3491 217.1 359.7
3492 1006.9 961.5
3493 887.9 806.2
3494 6.0 510.0
3495 403.8 966.6
3496 337.5 1074.6
3497 1948.1 543.7
3498 901.6 722.6
3499 468.3 1183.8
3500 249.9 232.7
3501 731.7 780.2
3502 265.6 671.6
3503 1031.8 592.8
3504 467.9 495.0
3505 1305.8 952.0
3506 1736.6 984.9
3507 226.2 70.7
3508 992.9 1091.0
3509 1169.7 567.3
3510 1304.7 619.4
3511 118.6 526.6
3512 1862.1 554.5
3513 1275.7 875.0
3514 205.2 981.7
3515 684.4 104.9
3516 1751.2 584.7
3517 1802.4 136.9
3518 1429.9 83.8
3519 1865.7 1194.8
3520 8.2 497.1
3521 1022.7 721.0
3522 356.8 86.2
3523 116.3 862.0
3524 1982.2 901.8
3525 827.6 716.5
3526 102.0 241.9
3527 1700.6 3.7
3528 1372.6 688.3
3529 1549.4 275.5
3530 852.4 726.6
3531 1191.2 747.0
3532 1967.9 313.0
3533 1616.7 878.2
3534 532.5 395.7
3535 285.7 1011.5
3536 1730.1 154.0
3537 604.1 119.2
3538 1562.5 193.9
3539 1412.3 995.0
3540 771.6 1177.7
3541 1497.8 1165.2
3542 1442.8 710.3
3543 1907.7 709.1
3544 1945.4 41.7
3545 282.2 801.4
3546 443.3 225.8
3547 1089.0 896.3
3548 374.7 175.2
3549 1968.1 875.3
3550 1163.1 553.2
3551 66.6 249.6
3552 1174.7 458.7
3553 1301.5 78.5
3554 1582.3 889.9
3555 1481.1 940.7
3556 536.4 575.8
3557 661.8 1199.8
3558 1948.3 825.5
3559 1552.6 419.7
3560 170.0 1013.0
3561 833.9 831.6
3562 1625.1 1135.8
3563 1758.7 1043.4
3564 781.0 303.4
3565 649.8 732.8
3566 355.3 1032.9
3567 122.7 1061.5
3568 1171.1 462.9
3569 1581.2 785.5
3570 965.6 204.6
3571 28.2 380.5
3572 28.5 278.3
3573 289.1 2.6
3574 1082.4 777.8
3575 348.4 1104.9
3576 1502.6 1128.4
3577 1031.5 494.2
3578 787.2 618.0
3579 383.9 779.5
3580 1926.3 1152.3
3581 1589.6 275.2
3582 1558.5 379.6
3583 532.3 294.5
3584 1148.5 1019.5
3585 1124.2 46.9
3586 1826.4 1115.7
3587 1320.7 673.7
3588 1628.3 891.3
3589 283.3 203.4
3590 548.7 1051.6
3591 882.7 572.4
3592 334.0 132.6
3593 1526.0 809.4
3594 126.7 1146.2
3595 1915.0 1103.6
3596 1703.5 795.4
3597 141.3 651.2
3598 1888.9 573.9
3599 991.0 246.3
3600 1205.4 878.0
3601 904.9 757.4
3602 1439.0 636.8
3603 1989.9 98.5
3604 1815.9 1128.7
3605 63.4 156.1
3606 330.7 171.0
3607 1957.5 119.2
3608 711.1 1184.6
3609 1027.4 737.6
3610 856.2 398.3
3611 1184.6 85.0
3612 1464.3 769.6
3613 927.3 613.6
3614 491.5 1080.4
3615 1966.4 857.2
3616 139.1 654.8
3617 435.4 234.4
3618 1403.1 1064.0
3619 1932.5 723.5
3620 303.9 805.8
3621 128.6 797.5
3622 1139.2 386.0
3623 1241.4 331.0
3624 1829.8 732.0
3625 596.1 663.0
3626 220.3 135.0
3627 1361.2 777.9
3628 822.8 455.8
3629 1365.4 524.4
3630 63.1 688.3
3631 385.1 133.5
3632 273.2 657.0
3633 228.0 111.1
3634 1606.4 610.3
3635 1131.2 618.7
3636 1509.2 1181.4
3637 43.8 323.6
3638 326.3 407.4
3639 1371.1 647.0
3640 661.9 673.9
3641 1630.7 849.6
3642 932.1 1190.9
3643 622.5 400.0
3644 818.5 710.6
3645 1896.7 774.3
3646 1978.7 897.6
3647 960.7 559.5
3648 757.4 32.6
3649 1174.7 960.5
3650 1033.0 167.9
3651 3.9 781.7
3652 802.5 144.4
3653 437.3 388.0
3654 1284.5 1017.5
3655 757.5 688.2
3656 1524.3 277.7
3657 62.3 329.7
3658 1190.1 307.8
3659 609.2 704.9
3660 1598.9 862.6
3661 1362.6 43.3
3662 280.3 736.6
3663 390.5 475.5
3664 1648.1 113.5
3665 472.1 706.8
3666 939.3 450.7
3667 144.2 836.3
3668 637.0 989.9
3669 1782.8 241.7
3670 1800.7 683.9
3671 542.0 252.1
3672 1067.9 914.2
3673 1228.8 44.7
3674 1471.2 955.6
3675 1315.8 889.8
3676 926.0 27.8
3677 1053.5 552.7
3678 981.0 39.9
3679 461.2 1037.3
3680 607.5 129.3
3681 891.0 420.3
3682 1237.7 1114.8
3683 1321.3 1188.7
3684 314.7 967.7
3685 341.2 229.8
3686 332.7 1131.1
3687 789.4 450.8
3688 1645.4 515.9
3689 1741.0 85.5
3690 634.3 1127.2
3691 43.8 305.2
3692 978.9 469.0
3693 32.9 1142.1
3694 703.0 218.6
3695 1033.5 1152.6
3696 559.6 78.7
3697 1756.2 1002.2
3698 1660.3 830.4
3699 723.1 1155.7
3700 1338.9 483.2
3701 745.7 1183.9
3702 351.4 575.3
3703 367.6 206.6
3704 966.2 128.1
3705 30.7 676.8
3706 1650.6 493.6
3707 554.2 837.0
3708 1298.9 905.0
3709 327.2 54.5
3710 1042.5 637.5
3711 1800.9 104.8
3712 292.1 310.8
3713 1263.5 791.5
3714 836.3 471.3
3715 1362.3 281.3
3716 1777.0 485.1
3717 839.5 211.2
3718 331.2 366.9
3719 217.8 1124.2
3720 758.0 995.2
3721 271.0 88.6
3722 181.5 928.7
3723 322.4 874.7
3724 1156.8 902.4
3725 483.2 1196.0
3726 571.3 1003.5
3727 1046.0 473.9
3728 1844.3 296.6
3729 1738.9 176.7
3730 1631.2 1187.9
3731 329.0 235.3
3732 1925.2 732.8
3733 1485.3 786.0
3734 1698.6 123.7
3735 927.4 1061.9
3736 1968.5 284.0
3737 1170.5 1122.1
3738 68.0 932.7
3739 1750.5 1085.2
3740 52.6 441.5
3741 1623.0 685.6
3742 969.3 477.6
3743 1002.9 206.8
3744 870.6 400.8
3745 775.1 359.8
3746 1654.1 635.6
3747 599.0 929.8
3748 302.1 694.8
3749 1997.5 959.1
3750 1992.2 231.2
3751 456.6 1140.2
3752 377.6 438.6
3753 1538.1 170.7
3754 901.9 275.9
3755 1401.0 408.1
3756 1292.9 169.3
3757 1244.2 610.1
3758 94.4 572.4
3759 966.9 1060.5
3760 1824.2 147.6
3761 1313.1 1107.1
3762 1966.3 198.8
3763 853.4 1096.8
3764 523.6 433.8
3765 787.5 558.5
3766 1569.2 592.7
3767 234.3 781.8
3768 169.4 1019.0
3769 753.3 328.2
3770 116.5 930.9
3771 623.1 892.7
3772 164.6 243.0
3773 450.1 1131.4
3774 495.6 1052.7
3775 303.7 924.7
3776 1465.9 1016.9
3777 51.7 189.1
3778 1508.8 793.2
3779 1277.1 309.4
3780 756.9 1199.2
3781 341.2 139.6
3782 1928.7 571.0
3783 186.0 1181.5
3784 1160.6 516.9
3785 706.5 563.7
3786 1999.1 813.6
3787 1127.6 1120.6
3788 1003.3 912.5
3789 339.6 375.6
3790 437.0 23.3
3791 40.8 605.8
3792 1544.0 397.0
3793 1850.7 929.6
3794 1555.9 982.2
3795 269.5 91.2
3796 1278.1 577.9
3797 1752.8 129.0
3798 1799.6 484.3
3799 1806.7 374.4
3800 791.2 221.8
3801 1729.3 586.6
3802 87.6 970.8
3803 1526.9 916.8
3804 853.8 188.6
3805 421.3 680.7
3806 976.7 13.6
3807 788.5 111.1
3808 1712.6 1193.2
3809 1899.2 550.0
3810 1731.1 1178.4
3811 1618.4 1106.6
3812 448.6 38.3
3813 1622.2 1098.6
3814 940.5 31.8
3815 1876.0 802.2
3816 472.0 903.6
3817 1732.1 707.0
3818 237.1 552.6
3819 958.6 619.8
3820 1256.2 294.7
3821 1686.5 512.3
3822 1605.8 1098.3
3823 7.1 360.8
3824 1815.3 1123.5
3825 973.2 274.7
3826 1559.6 146.0
3827 363.9 688.6
3828 1877.8 815.7
3829 1725.7 629.3
3830 859.4 97.8
3831 645.9 184.4
3832 1963.8 1073.7
3833 451.8 262.6
3834 1173.2 341.3
3835 1702.4 244.4
3836 737.0 819.1
3837 97.6 657.6
3838 1206.3 332.2
3839 845.8 533.4
3840 103.6 526.9
3841 1668.1 226.7
3842 291.8 1054.3
3843 1953.5 709.3
3844 1152.1 858.5
3845 1764.8 291.6
3846 1158.5 895.0
3847 1188.4 87.0
3848 1415.3 624.6
3849 1208.0 1042.3
3850 1298.4 309.7
3851 772.1 646.0
3852 282.3 707.6
3853 1330.8 278.7
3854 670.4 460.4
3855 1806.9 780.9
3856 345.2 317.6
3857 1580.5 1175.7
3858 869.4 175.5
3859 984.4 855.5
3860 748.6 148.6
3861 1190.9 34.2
3862 188.5 146.5
3863 1247.1 1182.7
3864 1514.0 454.6
3865 587.8 1018.0
3866 1815.6 658.9
3867 704.7 768.6
3868 1976.0 215.2
3869 1637.0 367.1
3870 1668.4 1049.0
3871 1175.0 102.1
3872 1016.7 21.7
3873 1499.9 1156.2
3874 512.3 895.5
3875 738.5 392.9
3876 521.4 514.8
3877 547.3 86.5
3878 779.0 297.0
3879 569.3 1041.1
3880 1728.8 1176.0
3881 215.8 1044.4
3882 831.8 565.2
3883 1872.7 190.4
3884 625.0 897.4
3885 672.9 532.0
3886 1159.4 603.4
3887 466.4 613.6
3888 1945.2 1060.0
3889 1642.4 408.0
3890 1139.9 424.5
3891 1021.4 387.1
3892 1146.1 627.5
3893 391.3 144.6
3894 145.6 1039.0
3895 1398.5 739.3
3896 1800.2 899.2
3897 1486.4 768.1
3898 1873.9 694.5
3899 688.4 117.8
3900 604.6 879.9
3901 1605.2 707.2
3902 1120.2 968.1
3903 1973.6 526.1
3904 1617.6 879.6
3905 29.7 309.0
3906 978.1 407.5
3907 19.4 503.7
3908 877.6 544.3
3909 1256.6 1197.0
3910 1127.3 125.9
3911 1043.3 615.8
3912 1116.9 93.2
3913 1070.5 954.1
3914 869.2 912.1
3915 190.7 1151.3
3916 321.6 724.9
3917 494.9 369.1
3918 943.7 54.0
3919 1163.6 195.4
3920 929.3 950.8
3921 1956.4 890.2
3922 449.6 194.7
3923 1033.0 45.2
3924 60.0 306.0
3925 1914.5 760.2
3926 1715.6 1007.8
3927 1348.1 634.6
3928 349.2 99.2
3929 487.2 285.3
3930 1132.7 475.0
3931 728.0 721.6
3932 1038.8 767.6
3933 778.4 813.8
3934 272.6 438.6
3935 54.3 1143.3
3936 1031.7 513.7
3937 1065.4 241.6
3938 168.6 234.3
3939 1021.2 269.8
3940 1459.5 24.4
3941 1038.7 877.2
3942 351.7 801.5
3943 1831.7 271.3
3944 77.6 733.6
3945 299.4 948.9
3946 760.7 474.2
3947 1375.8 523.1
3948 217.3 182.1
3949 275.7 8.5
3950 769.9 871.5
3951 452.2 1070.4
3952 506.1 60.0
3953 788.8 360.7
3954 748.2 563.0
3955 999.4 963.1
3956 886.8 85.8
3957 1036.4 25.2
3958 351.8 36.1
3959 407.1 805.1
3960 1608.7 343.7
3961 153.0 81.4
3962 1015.8 818.5
3963 1286.7 195.7
3964 851.2 184.1
3965 1351.6 691.7
3966 1874.2 610.9
3967 1737.3 123.6
3968 1169.1 922.3
3969 969.2 617.2
3970 296.1 959.9
3971 1933.8 315.1
3972 1894.0 832.7
3973 1963.5 968.7
3974 403.8 784.9
3975 332.3 748.6
3976 474.1 1127.4
3977 238.4 91.1
3978 214.5 461.9
3979 85.8 6.7
3980 1722.0 26.7
3981 1291.1 1165.2
3982 1665.0 714.2
3983 125.6 359.0
3984 656.8 600.0
3985 1745.7 161.5
3986 1782.3 846.6
3987 1794.9 642.7
3988 1428.4 14.9
3989 1495.0 669.0
3990 898.8 132.0
3991 343.9 1019.7
3992 1180.1 557.4
3993 1859.1 869.8
3994 1177.4 829.7
3995 408.4 965.1
3996 1033.5 478.6
3997 113.3 541.2
3998 196.7 312.8
3999 1828.7 195.4
4000 688.1 910.2
4001 1495.1 593.0
4002 1347.0 722.6
4003 1391.7 786.7
4004 267.4 191.8
4005 590.5 223.3
4006 1142.6 769.3
4007 1970.0 431.1
4008 85.9 482.7
4009 1161.5 908.9
4010 1071.3 1186.6
4011 810.8 320.4
4012 606.8 83.4
4013 546.1 170.7
4014 1983.4 711.6
4015 1479.9 695.0
4016 1710.4 2.0
4017 1322.3 367.0
4018 981.1 738.7
4019 1734.7 218.1
4020 554.1 852.8
4021 1037.6 187.5
4022 1543.6 1167.6
4023 1614.2 647.0
4024 906.5 429.5
4025 1394.0 222.9
4026 1921.1 873.4
4027 745.9 296.8
4028 1552.0 631.6
4029 940.1 390.3
4030 884.7 929.5
4031 1919.7 140.0
4032 1104.7 423.0
4033 224.9 85.9
4034 860.3 29.4
4035 1484.0 832.4
4036 688.6 894.5
4037 1072.9 52.5
4038 1058.0 1181.1
4039 968.2 913.9
4040 1466.1 912.2
4041 526.8 723.0
4042 938.9 761.1
4043 961.0 462.0
4044 1660.1 702.7
4045 1567.2 214.0
4046 559.7 185.7
4047 1007.6 835.5
4048 803.2 1005.3
4049 449.2 1097.1
4050 1958.9 1175.7
4051 449.5 887.9
4052 726.9 176.3
4053 1646.3 1046.7
4054 1173.9 1080.4
4055 147.9 460.7
4056 1936.0 131.9
4057 996.9 245.9
4058 171.3 875.5
4059 1862.2 134.5
4060 656.5 352.6
4061 109.2 903.4
4062 766.7 1175.6
4063 642.9 1074.9
4064 1722.7 916.8
4065 445.9 1169.0
4066 897.8 832.2
4067 1985.0 759.1
4068 311.3 1002.4
4069 123.6 364.3
4070 1194.3 599.6
4071 1298.3 789.6
4072 1123.3 561.9
4073 398.8 1081.7
4074 98.7 124.2
4075 723.7 1010.2
4076 1366.0 1074.3
4077 573.6 983.8
4078 1969.8 636.7
4079 1414.5 278.5
4080 1039.8 501.8
4081 1778.9 823.7
4082 238.0 267.3
4083 275.0 289.7
4084 1288.5 563.2
4085 1358.4 1171.3
4086 1680.6 44.6
4087 654.0 576.7
4088 409.7 1025.4
4089 966.9 433.2
4090 522.1 254.4
4091 1468.9 1049.5
4092 1948.3 447.7
4093 2.6 581.7
4094 1654.5 911.7
4095 748.5 436.7
4096 500.6 1112.2
EOF
