1 612.6 88.2
2 1206.7 1000.3
3 1903.7 495.9
4 622.3 693.4
5 1984.4 1189.0
6 472.8 1001.2
7 1065.4 315.7
8 1994.0 97.7
9 13.7 96.9
10 1282.7 1067.1
11 1737.1 947.1
12 880.8 0.8
13 450.7 100.1
14 342.4 93.3
15 213.3 293.7
16 799.4 894.8
17 56.8 19.7
18 443.4 569.5
19 1607.6 580.8
20 979.9 564.3
21 109.2 114.7
22 1256.3 945.0
23 1403.6 936.2
24 11.8 1052.1
25 906.7 1066.1
26 220.4 599.4
27 625.4 890.8
28 1079.1 1159.5
29 92.3 300.3
30 1521.2 48.1
31 1560.7 928.5
32 1563.3 1110.8
33 345.5 285.7
34 257.8 272.9
35 336.0 993.0
36 1979.5 568.5
37 1369.5 480.2
38 1068.4 1122.2
39 1858.0 558.4
40 128.5 458.7
41 1948.7 940.7
42 436.1 458.2
43 1826.0 226.7
44 432.3 514.6
45 1792.6 441.6
46 22.9 903.6
47 851.3 183.2
48 1862.9 130.6
49 1815.7 88.9
50 951.3 953.5
51 1311.8 185.2
52 140.3 769.8
53 1609.2 739.1
54 665.1 59.2
55 576.6 937.6
56 981.7 272.9
57 1721.7 374.7
58 1266.7 790.5
59 413.9 1067.8
60 572.7 960.3
61 1316.1 752.2
62 1959.0 155.1
63 414.1 164.4
64 395.6 1192.5
65 848.0 263.4
66 1787.8 330.6
67 1968.5 835.4
68 1070.0 919.0
69 1501.0 748.6
70 1799.3 289.6
71 649.1 1138.4
72 1154.0 485.5
73 154.7 989.4
74 764.8 901.6
75 1960.7 55.8
76 688.8 573.6
77 4.8 878.9
78 994.1 865.4
79 1557.7 569.8
80 1329.9 938.0
81 170.5 732.2
82 504.4 630.1
83 195.8 1054.2
84 1737.3 850.7
85 1532.0 490.5
86 1974.6 221.3
87 188.2 217.2
88 1964.3 7.9
89 1361.8 539.0
90 1820.7 895.9
91 863.6 983.0
92 650.1 439.7
93 935.1 963.0
94 1618.5 258.4
95 1715.1 424.8
96 1725.6 551.9
97 496.3 621.4
98 418.7 919.0
99 1838.2 718.3
100 1792.9 615.5
101 611.1 705.8
102 492.3 479.5
103 570.8 752.0
104 1703.0 105.9
105 1877.9 1053.4
106 1444.2 822.6
107 787.5 226.2
108 1543.1 1051.6
109 379.6 471.6
110 1656.4 1197.9
111 115.5 1092.9
112 958.3 203.3
113 317.8 240.6
114 772.5 209.1
115 124.6 778.1
116 1897.0 22.2
117 1645.4 680.7
118 1274.4 1196.2
119 1253.0 276.7
120 1011.7 245.5
121 790.3 365.7
122 887.4 924.6
123 750.3 382.6
124 1815.1 417.4
125 1669.3 101.3
126 337.0 704.2
127 1670.0 452.3
128 1830.2 1083.1
129 1480.4 897.9
130 1472.9 229.7
131 337.4 702.5
132 1906.5 1164.1
133 145.3 224.9
134 1288.5 989.8
135 1664.0 879.5
136 703.7 852.3
137 1363.7 110.1
138 1890.2 645.9
139 1256.3 504.3
140 163.8 464.5
141 1937.4 234.2
142 19.0 948.6
143 982.1 717.2
144 80.6 296.9
145 1976.8 599.9
146 1354.6 3.6
147 1123.8 645.1
148 679.7 442.0
149 1413.2 893.4
150 1430.2 194.7
151 122.6 1089.9
152 1815.5 571.3
153 654.8 1014.9
154 1313.2 313.0
155 589.7 830.9
156 1590.1 243.8
157 1234.1 1131.7
158 1277.8 222.1
159 1464.4 758.5
160 1216.9 574.8
161 566.6 1123.0
162 219.2 1106.2
163 202.0 520.8
164 323.9 866.7
165 1027.2 1073.8
166 542.7 1013.7
167 1949.8 509.9
168 1006.6 149.1
169 1046.6 503.2
170 577.3 464.0
171 260.8 63.8
172 1836.9 1032.4
173 1339.0 184.0
174 1508.9 91.4
175 476.8 72.0
176 229.0 1164.4
177 781.0 1049.4
178 1391.1 1074.4
179 1606.1 355.1
180 929.7 729.6
181 1439.3 655.2
182 349.1 66.0
183 1935.1 202.0
184 1799.1 1069.8
185 1721.0 1047.6
186 441.0 1033.1
187 1936.3 172.4
188 1993.0 412.5
189 1213.4 470.1
190 151.9 888.7
191 661.2 129.4
192 447.3 149.0
193 54.9 954.5
194 438.3 1146.9
195 778.3 1111.6
196 728.8 214.6
197 1879.1 673.2
198 102.3 848.3
199 1698.4 424.6
200 451.8 651.8
201 552.9 83.8
202 424.3 628.7
203 1193.3 926.0
204 1915.7 10.9
205 1282.4 331.0
206 1185.1 45.6
207 1442.0 952.1
208 520.2 636.5
209 240.7 1195.3
210 486.8 517.3
211 669.0 123.9
212 1716.0 600.1
213 692.8 738.8
214 1258.0 423.7
215 464.6 158.5
216 36.3 389.4
217 1159.5 386.5
218 483.7 56.7
219 1754.2 269.4
220 1440.8 261.9
221 941.4 259.8
222 209.1 1066.3
223 609.1 1124.2
224 1252.8 610.0
225 1402.5 272.4
226 1949.9 775.9
227 249.1 58.0
228 1177.9 590.9
229 836.6 1139.5
230 1911.0 259.1
231 815.6 216.4
232 1404.1 284.1
233 1218.8 896.0
234 728.7 295.5
235 621.8 918.1
236 1811.3 580.1
237 353.4 243.2
238 1348.5 29.1
239 1292.3 254.9
240 134.7 184.0
241 1046.3 997.2
242 1378.2 480.4
243 1912.1 750.4
244 1329.2 363.3
245 1321.6 1134.4
246 1838.5 111.8
247 745.0 350.3
248 1546.8 416.8
249 692.4 837.9
250 1485.7 542.7
251 774.0 1130.6
252 1630.7 117.8
253 383.3 703.9
254 153.3 44.3
255 705.1 817.9
256 1686.5 1185.8
257 852.6 751.6
258 63.4 491.5
259 1391.8 189.5
260 760.7 1197.6
261 137.5 498.1
262 1668.5 1164.4
263 1636.6 236.2
264 605.7 350.0
265 682.5 1123.4
266 776.2 557.0
267 250.9 227.3
268 829.7 1130.9
269 1640.8 176.4
270 570.4 390.0
271 641.3 908.5
272 292.3 1160.9
273 1910.1 463.3
274 538.2 319.3
275 86.6 711.4
276 630.5 1149.5
277 1415.5 1019.7
278 975.8 1184.4
279 1424.3 851.6
280 1454.7 1155.7
281 1847.6 1041.5
282 1643.5 794.1
283 898.1 236.1
284 1290.9 849.6
285 531.5 1082.4
286 720.7 151.0
287 1603.1 349.5
288 1089.5 1122.9
289 725.5 917.1
290 1007.6 986.9
291 485.4 281.5
292 1098.4 146.4
293 1460.1 493.7
294 802.9 789.0
295 634.3 700.7
296 759.0 479.8
297 1744.2 904.2
298 1801.9 133.0
299 1839.6 1149.1
300 644.1 947.9
301 471.7 98.4
302 451.8 1181.6
303 351.9 1068.0
304 1859.3 119.7
305 800.1 739.6
306 917.9 533.8
307 250.9 918.1
308 1180.7 443.8
309 1673.3 328.7
310 1094.9 308.9
311 1374.5 101.3
312 464.6 591.3
313 15.1 563.6
314 1219.9 1027.9
315 717.6 904.1
316 996.9 707.6
317 1539.0 681.7
318 849.1 942.8
319 1434.3 1089.2
320 332.6 731.2
321 1639.8 872.3
322 38.8 369.8
323 261.4 656.9
324 1479.1 824.1
325 1395.0 705.1
326 1739.8 1038.6
327 345.9 279.5
328 1581.8 294.0
329 565.1 1140.7
330 17.0 829.3
331 700.1 841.4
332 12.4 895.8
333 304.1 1125.2
334 169.6 1112.9
335 1604.2 37.7
336 544.9 703.1
337 1376.6 1060.0
338 1181.6 739.4
339 1571.5 1132.7
340 233.7 1173.2
341 1781.8 249.2
342 550.5 1094.8
343 432.5 919.3
344 1264.4 742.3
345 915.0 403.2
346 781.0 301.8
347 1894.5 1144.4
348 505.2 482.2
349 11.7 878.6
350 477.1 705.2
351 959.4 1001.5
352 274.5 274.3
353 1696.3 279.9
354 984.6 797.6
355 26.7 12.8
356 1871.6 160.4
357 822.6 238.3
358 1053.0 1188.0
359 915.8 10.5
360 1043.5 666.5
361 1875.2 913.5
362 1899.0 462.9
363 344.2 417.3
364 1959.1 867.8
365 1424.5 432.1
366 1132.7 498.4
367 244.9 1091.7
368 1299.3 1007.0
369 1901.6 187.2
370 1124.2 607.3
371 1895.6 306.2
372 482.4 1161.9
373 558.0 181.7
374 1035.1 66.2
375 148.5 459.5
376 61.7 211.8
377 314.5 971.2
378 1481.7 781.8
379 1041.2 841.8
380 55.2 1117.0
381 1834.4 309.8
382 693.6 23.5
383 1185.7 736.6
384 1804.2 249.5
385 1518.8 1002.9
386 1521.6 843.8
387 1839.9 58.0
388 883.1 770.8
389 619.6 499.0
390 1496.7 881.3
391 376.3 494.4
392 377.8 1023.0
393 1194.1 53.7
394 1764.8 272.4
395 249.7 464.4
396 949.9 957.5
397 1667.3 1013.6
398 946.9 300.0
399 1658.8 1150.7
400 1616.5 394.8
401 988.5 452.8
402 1191.3 545.9
403 1496.0 43.9
404 824.1 606.0
405 1855.5 851.6
406 651.2 33.9
407 1364.1 419.9
408 565.4 714.7
409 1982.9 313.3
410 334.2 280.5
411 152.8 605.8
412 341.4 434.5
413 688.4 318.9
414 393.1 273.2
415 1460.7 830.9
416 697.1 1041.0
417 425.3 1035.5
418 1659.6 838.8
419 112.0 738.0
420 1498.4 769.4
421 1408.4 1158.6
422 1752.3 884.0
423 1405.1 284.5
424 158.2 197.8
425 848.3 186.7
426 1958.6 1176.9
427 790.9 1161.0
428 1006.6 990.3
429 872.9 608.5
430 1657.7 409.3
431 1970.0 681.8
432 1341.0 428.7
433 1612.2 972.2
434 776.8 100.1
435 1791.3 490.8
436 1788.1 640.6
437 1969.0 376.1
438 1047.5 891.5
439 1538.9 1078.0
440 900.8 236.4
441 1630.0 926.3
442 1828.3 701.9
443 893.2 348.3
444 439.8 650.9
445 1620.1 251.6
446 978.4 691.1
447 1161.1 90.1
448 1620.8 780.5
449 1381.6 570.2
450 998.4 496.6
451 760.9 1118.6
452 215.1 864.8
453 1523.4 90.7
454 1047.7 1082.3
455 85.9 367.1
456 1450.3 1070.7
457 1572.1 991.1
458 1569.1 77.4
459 357.4 709.5
460 1343.7 950.8
461 1043.8 140.3
462 1169.1 1055.5
463 1093.4 535.3
464 940.4 441.3
465 1194.1 272.5
466 1806.6 126.2
467 1234.7 895.4
468 1493.1 351.3
469 1251.0 1051.7
470 1266.9 53.2
471 1535.6 981.7
472 1280.9 923.3
473 708.9 6.3
474 674.3 727.1
475 487.3 885.8
476 598.9 954.0
477 532.3 634.9
478 1875.6 220.2
479 166.2 831.2
480 1468.6 418.3
481 457.0 677.2
482 1398.5 410.1
483 930.6 648.5
484 900.7 649.8
485 1567.7 572.4
486 1388.6 423.3
487 1735.2 579.1
488 1007.6 474.9
489 1757.3 33.8
490 1030.1 493.4
491 466.6 78.7
492 1539.2 886.5
493 1169.7 1129.8
494 312.1 857.9
495 1021.8 495.0
496 1090.3 1168.8
497 610.5 816.3
498 26.3 580.3
499 210.7 131.3
500 118.9 115.0
501 460.1 1079.4
502 1339.2 538.2
503 926.9 920.4
504 1226.0 270.4
505 350.4 868.9
506 1636.3 1132.6
507 1256.5 1181.7
508 653.9 1042.5
509 184.1 1008.5
510 1642.9 614.3
511 325.8 923.9
512 102.4 682.4
513 283.8 212.6
514 880.4 270.4
515 87.0 590.8
516 727.6 329.1
517 1306.5 962.0
518 1151.5 968.4
519 1261.0 711.8
520 1892.4 859.2
521 629.5 1006.8
522 733.7 603.5
523 1538.8 900.4
524 807.7 481.1
525 1768.5 258.9
526 1970.3 992.4
527 1590.1 168.6
528 1137.7 399.6
529 202.7 1060.4
530 1471.5 681.2
531 729.3 1152.5
532 1746.0 52.2
533 1752.0 650.5
534 1956.2 1174.0
535 814.5 259.9
536 1165.5 1015.9
537 442.6 1029.9
538 233.7 1003.7
539 1391.4 771.8
540 449.6 656.8
541 1200.6 350.9
542 4.5 937.5
543 54.7 162.0
544 1559.2 312.8
545 1001.2 511.5
546 1906.9 167.8
547 798.7 447.7
548 1012.8 905.0
549 1954.5 1196.9
550 534.0 811.9
551 1158.2 709.9
552 1111.5 634.6
553 503.7 599.5
554 1843.0 387.8
555 1348.5 787.9
556 751.6 475.2
557 746.8 709.2
558 207.0 491.7
559 1976.2 1107.1
560 1568.1 363.4
561 698.8 113.8
562 1964.7 1166.3
563 580.9 325.0
564 635.0 540.6
565 24.9 933.3
566 1161.3 892.0
567 1061.7 1031.4
568 876.9 769.1
569 116.1 183.3
570 1123.4 8.1
571 1756.5 630.9
572 620.5 334.7
573 1350.4 351.3
574 584.0 419.8
575 615.9 992.8
576 856.4 1099.5
577 575.9 35.5
578 1894.9 487.3
579 1672.2 157.1
580 32.3 576.7
581 1887.9 431.8
582 1195.1 1015.2
583 1682.5 413.3
584 1507.7 407.8
585 1751.9 1189.6
586 1448.6 1005.5
587 772.2 93.8
588 977.6 167.0
589 192.1 158.9
590 119.0 753.4
591 866.1 846.1
592 1633.4 1036.2
593 1810.4 984.4
594 528.1 982.0
595 1855.2 1062.7
596 1689.0 290.7
597 1441.5 970.1
598 1346.4 302.8
599 902.8 1038.0
600 137.0 441.1
601 1245.6 498.9
602 1918.7 523.8
603 1651.7 1186.0
604 641.1 739.7
605 591.2 1038.9
606 782.6 1155.8
607 1744.7 535.0
608 563.8 585.3
609 492.1 981.7
610 923.9 946.1
611 541.5 280.9
612 152.1 465.7
613 1390.6 188.1
614 1831.6 861.0
615 1378.6 387.5
616 981.5 823.3
617 263.6 260.2
618 1594.2 530.1
619 808.6 459.1
620 600.8 520.3
621 1394.0 785.6
622 507.5 100.5
623 1922.9 109.4
624 830.4 361.5
625 479.1 430.5
626 1506.4 579.0
627 1609.2 273.0
628 1139.3 4.5
629 1474.0 948.4
630 1610.7 743.4
631 1243.4 1115.7
632 1799.8 988.6
633 948.2 896.7
634 1118.8 416.9
635 1080.8 624.1
636 491.0 717.2
637 504.7 293.6
638 176.1 680.9
639 743.9 493.7
640 1818.1 786.6
641 392.8 573.2
642 1552.5 207.9
643 769.7 71.8
644 736.1 1087.8
645 1186.9 528.7
646 1042.4 149.3
647 750.7 1077.4
648 1674.2 861.0
649 1773.9 924.6
650 1644.0 152.8
651 1795.4 746.0
652 393.4 149.9
653 1981.8 1185.9
654 1331.1 608.9
655 1917.3 499.1
656 1121.2 848.2
657 120.4 969.1
658 366.4 839.6
659 1069.3 109.0
660 727.0 781.0
661 1496.1 406.6
662 1847.7 511.4
663 1034.3 1186.9
664 725.0 206.0
665 1070.3 252.6
666 571.0 447.1
667 1280.1 243.2
668 1492.0 287.2
669 1206.5 19.3
670 1965.1 16.8
671 367.8 967.2
672 708.1 258.9
673 43.0 613.3
674 1623.0 38.7
675 1090.9 1159.4
676 951.6 284.4
677 756.4 1177.1
678 1447.1 729.1
679 1744.7 954.8
680 467.8 269.1
681 1381.1 979.0
682 1009.7 1041.3
683 903.2 743.9
684 1817.0 648.7
685 1446.1 736.1
686 451.1 628.2
687 1644.1 365.3
688 142.1 293.7
689 1435.6 1073.4
690 274.4 242.7
691 389.7 379.3
692 33.6 223.9
693 1767.1 852.1
694 1606.5 332.5
695 1619.8 614.4
696 1433.3 742.0
697 1570.5 666.3
698 904.8 646.2
699 96.7 925.4
700 1937.5 1031.0
701 1726.7 625.9
702 289.6 630.8
703 993.5 940.5
704 238.8 171.8
705 1085.6 463.5
706 546.9 831.9
707 1662.6 1195.7
708 1121.4 129.9
709 1779.9 966.4
710 147.8 881.5
711 1699.6 182.4
712 346.0 1032.1
713 1305.1 78.6
714 1684.5 729.8
715 1943.7 461.8
716 217.8 78.3
717 1865.7 1139.0
718 916.9 336.4
719 344.8 1185.7
720 512.3 582.0
721 1739.1 614.2
722 1356.6 1005.1
723 1628.2 989.6
724 666.4 641.4
725 1910.7 192.2
726 1255.2 1198.2
727 357.9 370.9
728 1630.9 439.8
729 1591.6 878.3
730 1125.3 544.7
731 1787.2 612.6
732 800.1 587.7
733 316.4 479.5
734 1590.4 286.7
735 1873.8 130.2
736 1955.2 1112.7
737 956.0 684.4
738 443.5 45.2
739 91.0 895.9
740 1133.5 728.6
741 1691.1 410.0
742 919.7 912.5
743 551.9 520.2
744 328.0 433.1
745 419.9 816.2
746 1004.1 13.2
747 254.1 190.5
748 1791.2 51.6
749 80.0 533.9
750 1581.1 179.7
751 353.0 528.3
752 1154.1 242.6
753 1142.0 84.3
754 885.6 889.0
755 1287.1 460.0
756 1717.6 69.6
757 1926.3 374.0
758 1562.9 248.5
759 1598.5 420.6
760 1099.1 1128.2
761 235.1 34.4
762 1767.1 862.8
763 526.3 1100.1
764 800.8 1172.5
765 663.9 906.8
766 799.6 917.5
767 833.1 750.8
768 574.7 1188.2
769 161.4 603.9
770 1679.3 564.8
771 1909.4 1063.7
772 1762.6 1128.1
773 652.1 449.6
774 939.4 888.1
775 453.8 331.8
776 1597.4 42.0
777 1649.3 201.3
778 839.8 16.4
779 244.5 903.4
780 1799.7 765.4
781 1461.9 779.2
782 84.0 1031.4
783 140.4 200.9
784 929.4 301.8
785 777.7 117.3
786 1467.1 2.3
787 453.9 709.2
788 708.4 796.5
789 737.7 977.5
790 1291.4 352.4
791 1906.9 330.3
792 174.5 514.6
793 111.6 697.9
794 1153.1 408.9
795 935.5 438.0
796 1387.3 49.9
797 1978.9 139.7
798 1425.6 759.4
799 199.8 389.9
800 1287.6 813.3
801 1521.2 590.4
802 1482.1 485.1
803 1270.1 434.9
804 1723.7 98.5
805 1744.4 95.2
806 1162.3 1078.3
807 1455.2 446.6
808 1144.5 1166.6
809 657.4 830.6
810 1591.7 156.4
811 921.4 196.3
812 1254.2 481.2
813 987.4 769.4
814 1283.4 110.4
815 1231.4 127.8
816 615.8 775.3
817 400.6 247.2
818 1970.8 656.5
819 1972.7 886.4
820 1294.7 1015.0
821 410.4 1168.0
822 73.9 790.4
823 1395.0 1021.7
824 1525.2 1081.3
825 1891.3 131.0
826 451.1 1011.3
827 1479.8 1166.0
828 1760.1 553.2
829 428.9 987.1
830 1632.4 241.7
831 564.6 790.9
832 1218.0 53.9
833 1874.0 65.8
834 508.5 1056.0
835 40.2 883.9
836 956.3 1052.2
837 1095.2 496.4
838 1217.3 562.2
839 1519.1 184.1
840 1154.5 234.5
841 864.7 672.8
842 1675.8 633.0
843 1537.2 137.0
844 405.8 290.3
845 381.0 26.1
846 663.5 1007.0
847 1009.7 893.5
848 1639.2 662.2
849 805.2 126.8
850 861.4 527.3
851 1252.8 330.7
852 1849.7 4.6
853 2.5 890.2
854 1802.3 307.1
855 277.5 413.8
856 835.6 1143.9
857 1243.3 57.5
858 480.1 978.8
859 465.1 1004.4
860 546.5 760.5
861 1666.5 478.4
862 1900.6 777.8
863 1707.8 800.5
864 378.8 214.1
865 450.9 392.2
866 1114.1 1127.1
867 267.0 1036.3
868 1760.0 56.9
869 1716.6 522.5
870 1189.5 1136.2
871 797.3 42.4
872 1493.9 298.7
873 975.4 846.3
874 1904.0 975.0
875 782.1 886.8
876 1764.0 815.7
877 587.6 1014.7
878 1648.9 344.6
879 721.0 183.7
880 177.0 256.0
881 1037.6 867.8
882 1730.2 633.2
883 1541.6 716.8
884 1326.0 110.1
885 1344.5 19.8
886 641.7 506.9
887 669.6 1145.4
888 363.5 790.4
889 868.1 509.9
890 1111.4 1038.9
891 158.9 176.6
892 1034.7 912.9
893 849.6 1067.9
894 283.6 1044.3
895 826.3 743.2
896 1678.2 911.3
897 125.9 626.4
898 328.9 269.6
899 986.6 779.9
900 407.3 85.7
901 1977.7 791.0
902 1920.1 638.5
903 1855.9 383.8
904 930.4 231.7
905 1135.4 630.2
906 684.4 516.7
907 1584.2 186.6
908 651.7 703.3
909 1391.6 738.2
910 1448.6 239.2
911 593.8 1182.5
912 1319.0 331.7
913 450.5 620.5
914 201.6 994.9
915 522.3 638.6
916 1737.6 615.1
917 98.7 796.9
918 1237.8 846.6
919 1635.9 1112.6
920 1871.5 201.9
921 1404.0 337.8
922 1010.1 691.6
923 13.1 728.7
924 452.9 965.0
925 1201.5 870.1
926 1403.8 31.1
927 723.2 1108.8
928 1204.2 419.1
929 88.7 779.0
930 519.2 326.7
931 529.6 704.7
932 1039.5 1099.6
933 811.2 734.4
934 1632.6 1116.9
935 309.4 535.3
936 1818.2 742.1
937 1547.1 438.6
938 1779.3 73.5
939 1209.4 606.0
940 1702.0 417.8
941 26.9 45.6
942 1922.9 871.0
943 1333.7 85.0
944 1783.2 207.3
945 830.3 25.7
946 653.9 288.7
947 1172.8 578.6
948 6.3 779.5
949 684.2 516.4
950 97.7 62.7
951 706.5 1096.5
952 1547.2 889.3
953 1430.5 679.3
954 453.3 538.6
955 820.4 22.3
956 558.2 1118.9
957 1205.5 1167.4
958 1517.4 64.6
959 1742.8 144.6
960 1307.1 253.3
961 682.8 1198.5
962 496.9 890.6
963 1334.2 1067.1
964 1328.3 73.7
965 758.4 261.9
966 627.6 16.5
967 893.8 1094.8
968 1187.7 141.2
969 1659.1 188.4
970 615.4 118.0
971 256.7 402.2
972 1663.8 510.9
973 1701.8 574.0
974 1868.1 664.3
975 1056.3 1066.4
976 228.8 885.2
977 963.8 1054.0
978 824.6 357.5
979 339.9 782.2
980 702.8 506.2
981 315.3 162.2
982 34.9 320.8
983 163.2 788.3
984 1021.3 1172.8
985 1973.1 1088.6
986 503.3 352.5
987 500.7 888.2
988 225.7 944.5
989 1244.8 419.2
990 1296.5 705.1
991 99.2 321.6
992 392.6 146.3
993 1962.7 313.5
994 1034.2 849.7
995 1856.7 818.8
996 919.5 534.0
997 1458.4 1079.7
998 844.9 506.7
999 770.1 1121.8
1000 1377.0 866.6
EOF