1 501.8 12.6
2 1931.2 443.9
3 463.9 652.1
4 1662.8 164.1
5 1944.8 399.9
6 137.3 1198.1
7 976.9 751.2
8 670.9 995.8
9 978.7 464.5
10 820.0 42.3
11 275.7 974.3
12 404.0 1022.5
13 392.5 577.4
14 1095.5 874.9
15 1920.7 597.9
16 1921.5 467.1
17 75.3 1113.3
18 553.2 33.1
19 826.0 1035.5
20 234.5 343.9
21 1417.3 696.2
22 919.0 177.5
23 192.1 819.1
24 993.1 1033.8
25 897.4 439.8
26 963.5 926.2
27 917.3 507.7
28 1204.3 764.6
29 1812.0 1048.9
30 199.2 882.5
31 1922.6 638.8
32 1340.1 1081.6
33 655.4 340.7
34 1734.1 580.6
35 644.9 675.3
36 1777.3 1004.1
37 92.9 577.6
38 1883.0 663.7
39 33.4 777.3
40 303.2 714.8
41 102.2 203.3
42 103.4 190.7
43 1906.6 226.4
44 1502.5 732.5
45 1625.1 501.4
46 1898.8 816.0
47 648.2 1004.5
48 1378.7 521.6
49 279.3 695.9
50 709.1 1068.3
51 1358.6 503.9
52 1466.1 235.1
53 1478.1 897.6
54 583.4 19.0
55 902.2 810.3
56 1330.5 949.7
57 67.0 330.6
58 1988.7 583.3
59 190.6 1100.6
60 554.4 1187.7
61 1831.4 830.3
62 1258.3 143.6
63 1831.0 141.4
64 6.3 492.6
65 1440.1 112.6
66 965.2 446.3
67 1202.5 395.4
68 361.8 31.9
69 1887.7 1072.6
70 955.3 945.7
71 603.8 881.3
72 115.2 771.5
73 621.3 680.7
74 323.4 244.0
75 439.2 1062.6
76 1106.2 221.6
77 1360.2 250.5
78 962.3 1121.5
79 1823.0 891.4
80 1211.8 793.0
81 261.0 418.8
82 836.2 69.3
83 1460.9 817.9
84 63.7 283.9
85 811.5 929.0
86 351.6 458.4
87 1682.6 665.2
88 723.6 987.7
89 992.3 1028.1
90 672.3 238.7
91 996.5 867.1
92 468.4 27.4
93 1544.9 262.4
94 1645.8 390.7
95 912.1 445.0
96 1964.8 985.3
97 1365.1 987.5
98 1694.3 545.0
99 1782.6 523.2
100 1450.3 813.4
101 1995.9 450.8
102 1432.9 99.3
103 1856.6 551.6
104 834.4 51.1
105 1023.3 670.5
106 1817.4 962.6
107 945.0 813.3
108 1089.8 873.2
109 1927.6 58.0
110 543.8 425.1
111 748.2 859.5
112 240.8 125.1
113 396.1 1102.8
114 1999.1 625.4
115 981.8 24.3
116 1313.4 128.5
117 284.0 433.4
118 140.2 65.2
119 893.8 697.7
120 38.9 551.4
121 1050.7 5.4
122 561.4 914.6
123 835.4 818.6
124 1189.2 315.6
125 431.7 1143.7
126 10.9 1116.7
127 402.0 555.0
128 1197.5 931.9
129 123.0 227.9
130 593.9 873.6
131 1449.6 1085.6
132 1502.0 446.0
133 1986.7 422.0
134 698.9 395.5
135 745.5 604.1
136 229.8 1099.2
137 225.7 125.9
138 216.4 144.1
139 790.6 73.5
140 49.6 89.8
141 1425.7 17.4
142 1850.6 270.8
143 1949.7 129.1
144 1695.8 434.5
145 198.6 257.5
146 1928.6 902.6
147 1827.6 397.8
148 1207.4 454.6
149 566.9 198.4
150 1370.1 331.3
151 992.7 497.4
152 788.4 695.0
153 1434.6 102.2
154 141.3 1119.2
155 36.7 933.5
156 453.0 110.0
157 243.7 569.0
158 1137.3 857.5
159 784.2 1105.8
160 1196.2 757.4
161 542.1 357.8
162 75.2 886.9
163 1527.0 439.1
164 261.3 546.5
165 1404.7 229.0
166 1799.7 326.0
167 553.7 1129.6
168 853.0 1158.8
169 1074.2 1093.7
170 683.1 118.8
171 700.0 810.2
172 520.8 912.5
173 372.8 610.4
174 185.8 378.3
175 657.1 338.6
176 1513.8 238.5
177 1601.1 41.5
178 695.9 600.2
179 354.7 23.3
180 1072.3 562.6
181 1574.8 759.3
182 1209.9 504.1
183 554.3 719.2
184 1484.2 691.0
185 1154.9 189.4
186 623.8 294.6
187 1983.0 992.1
188 583.2 733.4
189 482.5 1069.8
190 1804.8 185.4
191 1154.7 1062.9
192 1039.5 86.2
193 909.9 944.6
194 862.9 434.2
195 1089.9 137.5
196 1336.7 111.4
197 1170.8 591.4
198 441.2 1027.7
199 1016.6 227.9
200 297.1 1092.0
EOF